	sequences per sample	iteration	LC01_F	LC02_F	LC03_F	LC05_F	LC06_F	LC07_F	LC08_F	LC10_F	LC11_F	LC12_F	LC13_F	LP02_F	LP03_F	LP04_F	LP05_F	LP06_F	LP08_F_REDO	LP09_F	LP11_F	LP12_F	LP13_F_REDO	LP14_F	LP16_F	LP17_F	LP18_F	LP19_F	LP20_F	s10832	s10852	s11287	s11367	s12389	s1624	s20844	s21911	s21944	s22683	s22756	s22787	s24010	s25149	s26891	s26917	s27111	s27321_9596	s27403	s27555	s27796	s28408	s28504	s28535	s28791	s29396	s29404	s29523	s29527	s29556	s29586	s29745	s29753	s29763	s29777	s29780_9504	s29848	s29934	s30012	s30239	s30731	s30879	s31091	s31166	s31202	s31219	s31369	s31407	s31475	s31659	s31686	s31716	s31761	s31904	s31943	s32025	s32109	s32186	s32573	s32679	s32994	s33276	s33833	sAI_5316	sAI_9042	sAI_9328
alpha_rarefaction_10_0.txt	10	0	8.0	6.0	8.0	9.0	9.0	8.0	7.0	9.0	6.0	9.0	9.0	6.0	8.0	10.0	8.0	10.0	9.0	5.0	9.0	7.0	6.0	8.0	7.0	10.0	6.0	9.0	8.0	5.0	10.0	5.0	3.0	5.0	8.0	8.0	5.0	6.0	9.0	8.0	8.0	8.0	7.0	8.0	8.0	7.0	8.0	8.0	9.0	9.0	6.0	4.0	9.0	7.0	10.0	8.0	7.0	7.0	6.0	8.0	7.0	2.0	4.0	8.0	7.0	6.0	7.0	4.0	6.0	7.0	3.0	7.0	10.0	6.0	7.0	8.0	5.0	5.0	9.0	6.0	7.0	6.0	8.0	9.0	7.0	5.0	8.0	9.0	7.0	6.0	10.0	10.0	3.0	8.0	5.0
alpha_rarefaction_10_1.txt	10	1	9.0	7.0	9.0	9.0	8.0	5.0	7.0	8.0	9.0	10.0	10.0	7.0	9.0	7.0	8.0	7.0	8.0	6.0	8.0	7.0	5.0	9.0	8.0	9.0	8.0	6.0	8.0	3.0	7.0	6.0	6.0	6.0	8.0	10.0	4.0	8.0	7.0	8.0	6.0	6.0	9.0	8.0	5.0	7.0	8.0	6.0	9.0	7.0	9.0	5.0	8.0	7.0	8.0	8.0	10.0	7.0	5.0	8.0	8.0	6.0	4.0	5.0	7.0	10.0	7.0	7.0	9.0	10.0	6.0	8.0	3.0	5.0	8.0	6.0	4.0	6.0	7.0	5.0	5.0	7.0	9.0	7.0	10.0	3.0	10.0	9.0	7.0	7.0	9.0	9.0	7.0	5.0	7.0
alpha_rarefaction_10_2.txt	10	2	7.0	8.0	9.0	9.0	9.0	7.0	7.0	7.0	8.0	7.0	8.0	5.0	8.0	10.0	7.0	7.0	8.0	7.0	8.0	5.0	4.0	7.0	9.0	8.0	7.0	6.0	9.0	7.0	7.0	6.0	6.0	7.0	6.0	8.0	5.0	7.0	9.0	7.0	9.0	8.0	4.0	5.0	6.0	6.0	5.0	8.0	9.0	9.0	6.0	3.0	6.0	6.0	9.0	6.0	10.0	7.0	7.0	8.0	8.0	5.0	4.0	8.0	7.0	8.0	6.0	4.0	8.0	8.0	7.0	9.0	8.0	7.0	8.0	7.0	4.0	7.0	6.0	6.0	6.0	8.0	9.0	7.0	10.0	5.0	7.0	8.0	7.0	5.0	10.0	10.0	6.0	6.0	8.0
alpha_rarefaction_10_3.txt	10	3	8.0	8.0	7.0	7.0	7.0	8.0	7.0	8.0	8.0	10.0	7.0	7.0	8.0	6.0	8.0	6.0	8.0	9.0	7.0	9.0	6.0	8.0	9.0	7.0	9.0	6.0	7.0	4.0	7.0	6.0	7.0	7.0	7.0	6.0	6.0	5.0	6.0	5.0	6.0	8.0	8.0	8.0	7.0	8.0	8.0	8.0	8.0	7.0	7.0	3.0	7.0	8.0	6.0	6.0	9.0	5.0	6.0	9.0	8.0	4.0	4.0	5.0	7.0	7.0	9.0	7.0	9.0	7.0	5.0	6.0	8.0	6.0	7.0	8.0	5.0	4.0	6.0	5.0	5.0	7.0	10.0	10.0	10.0	7.0	9.0	7.0	4.0	8.0	9.0	10.0	5.0	8.0	5.0
alpha_rarefaction_10_4.txt	10	4	7.0	8.0	10.0	8.0	8.0	8.0	5.0	8.0	7.0	10.0	9.0	7.0	8.0	8.0	7.0	9.0	7.0	8.0	9.0	4.0	5.0	9.0	9.0	8.0	8.0	8.0	6.0	3.0	7.0	8.0	6.0	7.0	8.0	10.0	4.0	7.0	8.0	7.0	9.0	7.0	5.0	8.0	6.0	9.0	7.0	7.0	9.0	7.0	7.0	2.0	6.0	8.0	9.0	8.0	10.0	6.0	5.0	9.0	7.0	5.0	7.0	8.0	5.0	8.0	7.0	6.0	9.0	9.0	6.0	4.0	9.0	7.0	9.0	8.0	5.0	5.0	6.0	7.0	6.0	8.0	8.0	7.0	8.0	4.0	8.0	7.0	5.0	10.0	8.0	9.0	6.0	3.0	4.0
alpha_rarefaction_10_5.txt	10	5	8.0	10.0	9.0	10.0	10.0	9.0	6.0	9.0	9.0	10.0	10.0	9.0	7.0	6.0	7.0	8.0	7.0	8.0	7.0	8.0	5.0	9.0	8.0	9.0	7.0	5.0	6.0	4.0	8.0	4.0	8.0	5.0	7.0	6.0	3.0	5.0	8.0	10.0	8.0	8.0	6.0	7.0	9.0	8.0	9.0	6.0	10.0	7.0	7.0	4.0	9.0	8.0	9.0	8.0	10.0	7.0	8.0	7.0	8.0	3.0	5.0	7.0	7.0	8.0	8.0	5.0	8.0	8.0	8.0	6.0	7.0	5.0	10.0	6.0	3.0	3.0	6.0	6.0	8.0	7.0	10.0	8.0	10.0	4.0	8.0	8.0	5.0	6.0	9.0	7.0	5.0	5.0	8.0
alpha_rarefaction_10_6.txt	10	6	8.0	7.0	7.0	10.0	8.0	5.0	7.0	9.0	8.0	10.0	10.0	7.0	7.0	9.0	7.0	8.0	7.0	8.0	8.0	8.0	4.0	10.0	10.0	8.0	7.0	8.0	6.0	3.0	6.0	8.0	5.0	6.0	7.0	8.0	4.0	9.0	8.0	8.0	6.0	7.0	6.0	7.0	6.0	7.0	7.0	4.0	8.0	6.0	8.0	3.0	8.0	7.0	10.0	4.0	7.0	6.0	6.0	5.0	8.0	5.0	5.0	8.0	7.0	6.0	7.0	7.0	9.0	10.0	5.0	6.0	7.0	7.0	7.0	9.0	2.0	6.0	4.0	7.0	6.0	6.0	7.0	9.0	10.0	4.0	8.0	6.0	5.0	7.0	9.0	9.0	6.0	8.0	7.0
alpha_rarefaction_10_7.txt	10	7	8.0	9.0	9.0	9.0	5.0	8.0	8.0	7.0	9.0	9.0	9.0	7.0	9.0	8.0	6.0	9.0	7.0	8.0	9.0	7.0	5.0	9.0	7.0	8.0	7.0	5.0	6.0	4.0	8.0	6.0	5.0	5.0	6.0	7.0	4.0	6.0	10.0	9.0	7.0	9.0	4.0	9.0	7.0	9.0	8.0	6.0	10.0	8.0	7.0	4.0	8.0	7.0	7.0	5.0	8.0	7.0	4.0	8.0	7.0	6.0	7.0	8.0	7.0	7.0	6.0	6.0	8.0	7.0	7.0	8.0	9.0	6.0	8.0	8.0	4.0	5.0	4.0	5.0	5.0	7.0	9.0	9.0	10.0	4.0	10.0	8.0	3.0	6.0	8.0	9.0	5.0	6.0	8.0
alpha_rarefaction_10_8.txt	10	8	7.0	8.0	9.0	8.0	9.0	7.0	6.0	7.0	9.0	8.0	10.0	8.0	7.0	7.0	7.0	8.0	8.0	8.0	8.0	9.0	6.0	10.0	8.0	8.0	7.0	9.0	8.0	3.0	6.0	5.0	6.0	7.0	8.0	8.0	4.0	5.0	9.0	5.0	8.0	6.0	3.0	9.0	6.0	8.0	6.0	8.0	8.0	9.0	7.0	4.0	6.0	6.0	6.0	5.0	9.0	5.0	4.0	7.0	6.0	4.0	3.0	7.0	9.0	7.0	5.0	6.0	9.0	9.0	8.0	8.0	6.0	7.0	9.0	5.0	4.0	5.0	7.0	6.0	6.0	7.0	9.0	9.0	10.0	2.0	8.0	7.0	5.0	9.0	9.0	10.0	4.0	6.0	6.0
alpha_rarefaction_10_9.txt	10	9	8.0	10.0	6.0	7.0	9.0	9.0	7.0	9.0	10.0	9.0	9.0	7.0	8.0	10.0	6.0	7.0	6.0	6.0	9.0	5.0	9.0	8.0	8.0	8.0	7.0	5.0	9.0	5.0	6.0	6.0	5.0	6.0	6.0	7.0	5.0	5.0	10.0	9.0	9.0	8.0	8.0	8.0	6.0	8.0	9.0	6.0	10.0	7.0	8.0	5.0	8.0	5.0	8.0	4.0	10.0	8.0	4.0	7.0	6.0	5.0	7.0	5.0	7.0	8.0	6.0	3.0	9.0	10.0	6.0	7.0	7.0	7.0	9.0	7.0	3.0	3.0	6.0	7.0	6.0	6.0	7.0	7.0	10.0	3.0	10.0	7.0	8.0	7.0	10.0	10.0	7.0	5.0	8.0
alpha_rarefaction_1526_0.txt	1526	0	110.0	63.0	102.0	147.0	160.0	160.0	100.0	144.0	156.0	139.0	146.0	86.0	69.0	78.0	135.0	80.0	95.0	66.0	114.0	77.0	48.0	98.0	95.0	124.0	49.0	46.0	114.0	74.0	87.0	54.0	74.0	64.0	87.0	85.0	48.0	86.0	120.0	141.0	78.0	71.0	61.0	92.0	71.0	75.0	82.0	82.0	127.0	83.0	62.0	30.0	131.0	90.0	133.0	54.0	145.0	80.0	71.0	73.0	145.0	34.0	72.0	44.0	78.0	79.0	84.0	40.0	128.0	122.0	67.0	74.0	81.0	76.0	105.0	96.0	35.0	51.0	106.0	38.0	55.0	74.0	174.0	121.0	176.0	66.0	133.0	107.0	45.0	78.0	88.0	153.0	29.0	74.0	69.0
alpha_rarefaction_1526_1.txt	1526	1	113.0	67.0	110.0	127.0	172.0	153.0	95.0	144.0	144.0	147.0	154.0	93.0	63.0	70.0	134.0	95.0	100.0	64.0	115.0	85.0	46.0	86.0	97.0	122.0	51.0	47.0	108.0	71.0	90.0	49.0	73.0	66.0	85.0	99.0	46.0	82.0	121.0	134.0	78.0	66.0	57.0	96.0	68.0	75.0	78.0	85.0	133.0	91.0	62.0	41.0	129.0	85.0	135.0	60.0	150.0	79.0	72.0	77.0	137.0	38.0	70.0	51.0	73.0	97.0	92.0	41.0	116.0	118.0	58.0	77.0	83.0	83.0	106.0	96.0	33.0	52.0	105.0	39.0	59.0	72.0	171.0	127.0	180.0	66.0	134.0	102.0	47.0	78.0	86.0	147.0	26.0	80.0	72.0
alpha_rarefaction_1526_2.txt	1526	2	116.0	66.0	99.0	133.0	165.0	157.0	94.0	150.0	162.0	152.0	160.0	90.0	58.0	76.0	138.0	90.0	105.0	65.0	120.0	84.0	52.0	93.0	101.0	122.0	48.0	53.0	115.0	78.0	89.0	56.0	76.0	54.0	85.0	87.0	41.0	82.0	112.0	122.0	74.0	73.0	64.0	91.0	65.0	80.0	81.0	80.0	135.0	87.0	65.0	27.0	123.0	89.0	145.0	52.0	150.0	73.0	64.0	80.0	138.0	35.0	80.0	53.0	88.0	83.0	84.0	41.0	109.0	119.0	61.0	82.0	77.0	79.0	113.0	101.0	41.0	54.0	103.0	42.0	57.0	76.0	171.0	123.0	177.0	63.0	140.0	94.0	46.0	79.0	84.0	154.0	26.0	79.0	70.0
alpha_rarefaction_1526_3.txt	1526	3	114.0	66.0	99.0	137.0	173.0	159.0	98.0	142.0	146.0	146.0	154.0	79.0	68.0	77.0	125.0	89.0	95.0	61.0	116.0	76.0	59.0	84.0	90.0	119.0	49.0	46.0	119.0	72.0	83.0	52.0	66.0	67.0	86.0	82.0	49.0	82.0	124.0	145.0	79.0	70.0	60.0	97.0	64.0	74.0	79.0	90.0	127.0	84.0	61.0	41.0	129.0	81.0	135.0	58.0	141.0	75.0	66.0	73.0	148.0	34.0	82.0	52.0	87.0	80.0	93.0	43.0	114.0	116.0	64.0	77.0	81.0	78.0	107.0	97.0	35.0	58.0	104.0	42.0	50.0	71.0	172.0	126.0	185.0	65.0	132.0	102.0	47.0	84.0	83.0	140.0	28.0	76.0	77.0
alpha_rarefaction_1526_4.txt	1526	4	116.0	64.0	106.0	127.0	167.0	156.0	95.0	156.0	140.0	153.0	154.0	89.0	61.0	74.0	133.0	82.0	95.0	71.0	119.0	77.0	54.0	92.0	90.0	120.0	47.0	46.0	116.0	67.0	85.0	55.0	73.0	66.0	87.0	84.0	46.0	82.0	111.0	140.0	78.0	76.0	53.0	99.0	70.0	74.0	75.0	83.0	127.0	88.0	69.0	39.0	129.0	83.0	140.0	58.0	145.0	74.0	66.0	74.0	143.0	36.0	77.0	50.0	77.0	83.0	90.0	41.0	129.0	118.0	68.0	82.0	73.0	75.0	104.0	98.0	30.0	55.0	109.0	42.0	57.0	77.0	158.0	124.0	168.0	67.0	128.0	91.0	42.0	79.0	81.0	148.0	26.0	80.0	79.0
alpha_rarefaction_1526_5.txt	1526	5	104.0	73.0	97.0	138.0	174.0	164.0	86.0	150.0	139.0	145.0	146.0	88.0	62.0	68.0	136.0	89.0	100.0	69.0	109.0	77.0	57.0	92.0	89.0	115.0	52.0	44.0	116.0	71.0	87.0	56.0	72.0	71.0	88.0	96.0	45.0	83.0	116.0	130.0	74.0	75.0	61.0	93.0	71.0	74.0	80.0	88.0	134.0	86.0	64.0	35.0	123.0	88.0	136.0	61.0	150.0	83.0	68.0	78.0	139.0	35.0	74.0	55.0	81.0	92.0	91.0	40.0	125.0	119.0	64.0	81.0	74.0	76.0	106.0	92.0	42.0	50.0	98.0	37.0	61.0	60.0	163.0	127.0	181.0	70.0	127.0	98.0	43.0	82.0	84.0	149.0	27.0	83.0	74.0
alpha_rarefaction_1526_6.txt	1526	6	115.0	74.0	113.0	135.0	164.0	153.0	96.0	144.0	146.0	154.0	147.0	93.0	64.0	69.0	125.0	83.0	94.0	70.0	129.0	76.0	56.0	98.0	98.0	116.0	53.0	46.0	123.0	74.0	88.0	58.0	66.0	61.0	82.0	96.0	44.0	76.0	120.0	150.0	77.0	73.0	61.0	101.0	64.0	70.0	81.0	84.0	125.0	83.0	67.0	32.0	130.0	79.0	140.0	63.0	140.0	77.0	70.0	76.0	133.0	32.0	85.0	53.0	78.0	87.0	100.0	47.0	127.0	126.0	62.0	74.0	74.0	76.0	109.0	100.0	34.0	55.0	94.0	38.0	63.0	64.0	168.0	124.0	185.0	69.0	134.0	93.0	41.0	78.0	85.0	151.0	29.0	83.0	72.0
alpha_rarefaction_1526_7.txt	1526	7	118.0	70.0	102.0	143.0	181.0	160.0	93.0	139.0	154.0	153.0	154.0	85.0	65.0	76.0	128.0	94.0	89.0	59.0	119.0	80.0	59.0	88.0	101.0	119.0	42.0	46.0	113.0	60.0	90.0	56.0	73.0	61.0	83.0	85.0	48.0	74.0	114.0	133.0	79.0	79.0	57.0	88.0	66.0	74.0	77.0	85.0	126.0	83.0	58.0	34.0	123.0	87.0	139.0	55.0	146.0	77.0	67.0	75.0	130.0	34.0	69.0	52.0	77.0	87.0	93.0	38.0	126.0	123.0	60.0	77.0	75.0	68.0	97.0	99.0	35.0	55.0	103.0	37.0	55.0	73.0	152.0	112.0	180.0	73.0	132.0	98.0	44.0	89.0	86.0	144.0	29.0	80.0	78.0
alpha_rarefaction_1526_8.txt	1526	8	110.0	62.0	101.0	135.0	184.0	153.0	96.0	146.0	160.0	145.0	153.0	86.0	66.0	84.0	131.0	98.0	95.0	68.0	137.0	73.0	58.0	86.0	96.0	106.0	52.0	49.0	117.0	64.0	85.0	55.0	68.0	66.0	90.0	89.0	48.0	84.0	120.0	140.0	86.0	70.0	60.0	98.0	66.0	77.0	90.0	85.0	137.0	81.0	65.0	36.0	121.0	93.0	137.0	56.0	142.0	77.0	64.0	80.0	145.0	32.0	73.0	47.0	77.0	86.0	93.0	40.0	128.0	123.0	61.0	79.0	82.0	78.0	111.0	93.0	36.0	53.0	100.0	42.0	54.0	71.0	169.0	122.0	163.0	63.0	140.0	98.0	46.0	74.0	83.0	139.0	29.0	83.0	74.0
alpha_rarefaction_1526_9.txt	1526	9	108.0	71.0	108.0	137.0	171.0	165.0	99.0	156.0	157.0	145.0	156.0	98.0	58.0	77.0	129.0	87.0	97.0	72.0	120.0	83.0	59.0	86.0	93.0	115.0	46.0	55.0	117.0	77.0	89.0	57.0	72.0	66.0	85.0	85.0	46.0	81.0	111.0	139.0	80.0	69.0	55.0	91.0	61.0	69.0	81.0	90.0	128.0	90.0	65.0	33.0	126.0	79.0	123.0	57.0	139.0	77.0	70.0	73.0	133.0	35.0	83.0	50.0	80.0	90.0	94.0	39.0	117.0	115.0	64.0	73.0	79.0	82.0	112.0	97.0	41.0	58.0	111.0	36.0	60.0	70.0	172.0	131.0	177.0	70.0	137.0	97.0	43.0	77.0	85.0	156.0	28.0	79.0	76.0
alpha_rarefaction_3042_0.txt	3042	0	142.0	79.0	131.0	174.0	216.0	212.0	114.0	188.0	197.0	189.0	190.0	105.0	86.0	101.0	171.0	112.0	110.0	77.0	152.0	91.0	68.0	115.0	120.0	149.0	52.0	56.0	147.0	86.0	107.0	58.0	81.0	83.0	96.0	112.0	58.0	100.0	145.0	169.0	89.0	83.0	68.0	108.0	78.0	87.0	107.0	101.0	155.0	100.0	72.0	47.0	145.0	100.0	166.0	66.0	186.0	88.0	82.0	94.0	186.0	40.0	91.0	61.0	91.0	100.0	109.0	41.0	145.0	137.0	69.0	99.0	86.0	95.0	126.0	117.0	51.0	65.0	127.0	47.0	73.0	81.0	218.0	155.0	218.0	85.0	161.0	121.0	53.0	106.0	98.0	189.0	31.0	100.0	82.0
alpha_rarefaction_3042_1.txt	3042	1	137.0	81.0	123.0	171.0	205.0	207.0	114.0	175.0	190.0	194.0	192.0	118.0	76.0	94.0	170.0	120.0	113.0	77.0	150.0	95.0	65.0	104.0	109.0	143.0	57.0	54.0	143.0	85.0	103.0	61.0	84.0	85.0	94.0	109.0	53.0	91.0	135.0	167.0	94.0	77.0	66.0	112.0	83.0	85.0	97.0	96.0	148.0	103.0	76.0	39.0	152.0	100.0	169.0	71.0	170.0	100.0	85.0	99.0	182.0	38.0	97.0	56.0	89.0	97.0	110.0	48.0	148.0	137.0	75.0	86.0	92.0	88.0	132.0	123.0	52.0	65.0	127.0	44.0	68.0	85.0	210.0	157.0	224.0	80.0	168.0	121.0	48.0	100.0	96.0	182.0	31.0	102.0	89.0
alpha_rarefaction_3042_2.txt	3042	2	138.0	72.0	128.0	172.0	207.0	203.0	123.0	188.0	190.0	182.0	196.0	117.0	79.0	92.0	163.0	117.0	113.0	80.0	152.0	89.0	68.0	114.0	119.0	149.0	63.0	59.0	145.0	89.0	106.0	62.0	82.0	79.0	90.0	99.0	57.0	97.0	147.0	166.0	86.0	87.0	62.0	115.0	80.0	90.0	102.0	97.0	153.0	99.0	78.0	44.0	153.0	102.0	167.0	63.0	179.0	92.0	81.0	96.0	181.0	38.0	94.0	58.0	88.0	98.0	111.0	44.0	152.0	147.0	70.0	91.0	88.0	101.0	130.0	124.0	54.0	66.0	130.0	43.0	65.0	82.0	205.0	149.0	221.0	82.0	168.0	115.0	50.0	102.0	98.0	203.0	32.0	89.0	87.0
alpha_rarefaction_3042_3.txt	3042	3	131.0	84.0	124.0	176.0	214.0	210.0	114.0	186.0	187.0	185.0	187.0	106.0	81.0	91.0	164.0	106.0	115.0	89.0	140.0	86.0	68.0	122.0	116.0	150.0	54.0	56.0	151.0	82.0	97.0	62.0	82.0	88.0	94.0	110.0	54.0	90.0	139.0	176.0	94.0	86.0	64.0	108.0	72.0	90.0	106.0	92.0	143.0	92.0	77.0	49.0	151.0	106.0	159.0	69.0	192.0	93.0	80.0	93.0	178.0	43.0	90.0	60.0	95.0	105.0	111.0	41.0	154.0	142.0	70.0	95.0	84.0	95.0	129.0	124.0	49.0	67.0	130.0	40.0	68.0	81.0	204.0	145.0	219.0	80.0	165.0	125.0	51.0	103.0	100.0	182.0	35.0	99.0	84.0
alpha_rarefaction_3042_4.txt	3042	4	139.0	77.0	121.0	175.0	211.0	203.0	113.0	187.0	191.0	187.0	181.0	115.0	71.0	90.0	151.0	109.0	115.0	70.0	161.0	92.0	70.0	115.0	119.0	147.0	67.0	53.0	149.0	87.0	100.0	60.0	78.0	80.0	102.0	104.0	54.0	87.0	143.0	165.0	86.0	84.0	63.0	116.0	85.0	91.0	99.0	99.0	149.0	98.0	71.0	45.0	153.0	100.0	161.0	70.0	180.0	93.0	85.0	91.0	176.0	42.0	100.0	54.0	91.0	97.0	111.0	44.0	147.0	139.0	77.0	89.0	89.0	95.0	127.0	124.0	45.0	60.0	131.0	42.0	71.0	84.0	199.0	147.0	219.0	84.0	157.0	113.0	55.0	99.0	102.0	185.0	29.0	99.0	83.0
alpha_rarefaction_3042_5.txt	3042	5	142.0	81.0	120.0	166.0	216.0	195.0	118.0	200.0	185.0	182.0	186.0	115.0	80.0	95.0	168.0	120.0	115.0	78.0	152.0	91.0	75.0	111.0	123.0	136.0	52.0	57.0	143.0	80.0	102.0	64.0	84.0	83.0	93.0	110.0	63.0	91.0	129.0	183.0	84.0	89.0	67.0	109.0	77.0	91.0	93.0	101.0	160.0	99.0	71.0	44.0	158.0	103.0	164.0	72.0	170.0	89.0	81.0	91.0	172.0	40.0	94.0	57.0	95.0	100.0	115.0	43.0	153.0	135.0	71.0	92.0	91.0	91.0	125.0	115.0	48.0	61.0	131.0	42.0	74.0	86.0	213.0	151.0	215.0	79.0	159.0	118.0	57.0	95.0	93.0	180.0	28.0	96.0	87.0
alpha_rarefaction_3042_6.txt	3042	6	130.0	87.0	130.0	169.0	220.0	204.0	106.0	178.0	190.0	189.0	191.0	114.0	74.0	88.0	175.0	115.0	116.0	78.0	156.0	90.0	64.0	117.0	117.0	148.0	53.0	58.0	153.0	89.0	98.0	61.0	85.0	89.0	103.0	106.0	53.0	87.0	134.0	174.0	89.0	87.0	71.0	116.0	82.0	92.0	97.0	100.0	157.0	94.0	83.0	48.0	147.0	103.0	162.0	66.0	177.0	89.0	76.0	93.0	169.0	37.0	95.0	59.0	93.0	97.0	118.0	48.0	147.0	154.0	76.0	89.0	93.0	91.0	129.0	125.0	46.0	64.0	127.0	45.0	66.0	85.0	215.0	152.0	228.0	88.0	152.0	120.0	49.0	102.0	102.0	171.0	30.0	95.0	89.0
alpha_rarefaction_3042_7.txt	3042	7	138.0	82.0	119.0	184.0	219.0	202.0	116.0	188.0	193.0	185.0	193.0	115.0	79.0	88.0	167.0	109.0	120.0	76.0	162.0	91.0	65.0	126.0	117.0	153.0	58.0	58.0	149.0	84.0	95.0	63.0	80.0	82.0	94.0	106.0	57.0	96.0	138.0	175.0	93.0	88.0	67.0	114.0	78.0	90.0	98.0	102.0	152.0	104.0	79.0	44.0	152.0	107.0	167.0	64.0	185.0	93.0	76.0	94.0	170.0	41.0	100.0	55.0	92.0	97.0	115.0	44.0	152.0	145.0	72.0	93.0	92.0	101.0	126.0	120.0	50.0	63.0	120.0	45.0	69.0	82.0	194.0	154.0	216.0	91.0	163.0	120.0	47.0	93.0	104.0	186.0	32.0	95.0	88.0
alpha_rarefaction_3042_8.txt	3042	8	153.0	81.0	133.0	171.0	230.0	190.0	116.0	193.0	190.0	179.0	199.0	114.0	88.0	94.0	169.0	110.0	110.0	78.0	157.0	91.0	66.0	118.0	113.0	144.0	54.0	55.0	144.0	82.0	102.0	60.0	84.0	91.0	100.0	107.0	59.0	88.0	132.0	171.0	91.0	92.0	71.0	115.0	78.0	92.0	103.0	100.0	151.0	97.0	75.0	46.0	157.0	100.0	174.0	75.0	177.0	90.0	80.0	91.0	181.0	38.0	96.0	59.0	91.0	98.0	118.0	42.0	149.0	136.0	76.0	92.0	96.0	96.0	129.0	128.0	49.0	66.0	128.0	48.0	68.0	84.0	208.0	147.0	224.0	98.0	163.0	116.0	59.0	107.0	103.0	181.0	28.0	98.0	85.0
alpha_rarefaction_3042_9.txt	3042	9	139.0	87.0	131.0	176.0	213.0	189.0	119.0	183.0	199.0	180.0	183.0	110.0	75.0	93.0	166.0	115.0	114.0	80.0	165.0	89.0	68.0	106.0	116.0	138.0	56.0	57.0	151.0	86.0	100.0	58.0	81.0	83.0	97.0	106.0	56.0	97.0	142.0	169.0	87.0	85.0	61.0	108.0	89.0	93.0	97.0	110.0	147.0	99.0	73.0	44.0	145.0	105.0	168.0	72.0	177.0	97.0	80.0	85.0	167.0	41.0	86.0	57.0	93.0	99.0	116.0	42.0	162.0	141.0	73.0	96.0	82.0	98.0	126.0	120.0	48.0	64.0	129.0	46.0	71.0	79.0	212.0	143.0	215.0	86.0	164.0	120.0	49.0	102.0	104.0	184.0	28.0	97.0	87.0
alpha_rarefaction_4558_0.txt	4558	0	151.0	85.0	138.0	195.0	267.0	241.0	134.0	217.0	207.0	206.0	203.0	129.0	85.0	93.0	189.0	134.0	129.0	99.0	187.0	102.0	80.0	134.0	137.0	161.0	62.0	65.0	163.0	95.0	113.0	62.0	91.0	99.0	107.0	124.0	60.0	107.0	155.0	191.0	96.0	102.0	69.0	121.0	89.0	101.0	110.0	112.0	157.0	108.0	85.0	53.0	159.0	117.0	188.0	73.0	192.0	107.0	89.0	95.0	200.0	41.0	113.0	59.0	105.0	110.0	129.0	51.0	172.0	162.0	81.0	95.0	96.0	101.0	147.0	146.0	56.0	71.0	143.0	53.0	73.0	86.0	234.0	165.0	241.0	91.0	178.0	135.0	57.0	118.0	105.0	208.0	32.0	116.0	93.0
alpha_rarefaction_4558_1.txt	4558	1	149.0	85.0	147.0	199.0	244.0	235.0	125.0	209.0	217.0	206.0	211.0	138.0	96.0	101.0	195.0	130.0	131.0	82.0	183.0	100.0	70.0	125.0	131.0	158.0	63.0	57.0	165.0	96.0	116.0	64.0	91.0	91.0	100.0	119.0	61.0	97.0	156.0	189.0	98.0	95.0	66.0	127.0	85.0	101.0	105.0	106.0	161.0	105.0	82.0	50.0	170.0	113.0	179.0	76.0	187.0	101.0	84.0	97.0	211.0	42.0	106.0	60.0	103.0	115.0	115.0	48.0	170.0	162.0	81.0	105.0	96.0	107.0	140.0	125.0	55.0	67.0	140.0	45.0	74.0	94.0	248.0	173.0	236.0	94.0	187.0	138.0	57.0	108.0	116.0	213.0	31.0	109.0	94.0
alpha_rarefaction_4558_2.txt	4558	2	152.0	86.0	135.0	195.0	246.0	232.0	134.0	221.0	221.0	215.0	212.0	121.0	85.0	98.0	197.0	133.0	138.0	86.0	167.0	104.0	78.0	119.0	136.0	159.0	67.0	59.0	178.0	92.0	115.0	59.0	97.0	99.0	108.0	120.0	62.0	96.0	145.0	199.0	94.0	97.0	70.0	128.0	86.0	101.0	121.0	107.0	168.0	103.0	92.0	49.0	165.0	113.0	188.0	74.0	193.0	101.0	86.0	98.0	196.0	41.0	101.0	61.0	95.0	116.0	123.0	48.0	168.0	155.0	83.0	107.0	94.0	105.0	136.0	146.0	59.0	71.0	141.0	51.0	72.0	86.0	232.0	165.0	233.0	95.0	181.0	136.0	52.0	107.0	107.0	215.0	31.0	111.0	88.0
alpha_rarefaction_4558_3.txt	4558	3	161.0	90.0	149.0	203.0	255.0	223.0	122.0	217.0	212.0	211.0	219.0	134.0	79.0	104.0	196.0	127.0	128.0	91.0	173.0	97.0	73.0	121.0	130.0	164.0	61.0	57.0	175.0	89.0	105.0	64.0	90.0	102.0	98.0	124.0	64.0	100.0	163.0	202.0	101.0	96.0	74.0	118.0	92.0	98.0	102.0	111.0	161.0	110.0	84.0	53.0	171.0	106.0	177.0	79.0	193.0	103.0	80.0	104.0	207.0	43.0	100.0	60.0	104.0	112.0	124.0	46.0	158.0	157.0	84.0	96.0	101.0	104.0	143.0	142.0	54.0	69.0	146.0	51.0	79.0	96.0	234.0	162.0	250.0	97.0	178.0	141.0	49.0	107.0	107.0	204.0	32.0	119.0	88.0
alpha_rarefaction_4558_4.txt	4558	4	165.0	88.0	140.0	195.0	250.0	225.0	132.0	221.0	210.0	214.0	216.0	134.0	82.0	104.0	196.0	143.0	123.0	87.0	175.0	100.0	81.0	126.0	131.0	159.0	60.0	60.0	164.0	85.0	106.0	64.0	97.0	87.0	107.0	121.0	62.0	97.0	151.0	195.0	99.0	100.0	73.0	117.0	90.0	101.0	113.0	108.0	161.0	109.0	89.0	50.0	174.0	109.0	176.0	74.0	201.0	103.0	84.0	100.0	198.0	41.0	104.0	61.0	107.0	109.0	132.0	49.0	175.0	156.0	78.0	95.0	95.0	103.0	142.0	135.0	53.0	72.0	140.0	56.0	75.0	88.0	237.0	160.0	234.0	96.0	181.0	135.0	54.0	109.0	107.0	212.0	33.0	108.0	93.0
alpha_rarefaction_4558_5.txt	4558	5	159.0	89.0	143.0	185.0	264.0	245.0	126.0	210.0	207.0	210.0	206.0	133.0	84.0	93.0	194.0	136.0	131.0	88.0	188.0	100.0	73.0	124.0	128.0	160.0	58.0	63.0	169.0	88.0	110.0	65.0	94.0	89.0	104.0	122.0	67.0	102.0	163.0	196.0	100.0	91.0	70.0	122.0	88.0	95.0	106.0	112.0	163.0	105.0	88.0	51.0	177.0	109.0	184.0	76.0	194.0	108.0	90.0	96.0	198.0	41.0	97.0	60.0	99.0	115.0	125.0	52.0	169.0	162.0	78.0	101.0	92.0	100.0	136.0	129.0	55.0	72.0	147.0	50.0	77.0	94.0	223.0	164.0	247.0	94.0	175.0	134.0	55.0	108.0	111.0	201.0	33.0	104.0	97.0
alpha_rarefaction_4558_6.txt	4558	6	149.0	95.0	146.0	190.0	239.0	228.0	126.0	206.0	215.0	217.0	220.0	129.0	82.0	96.0	184.0	126.0	128.0	85.0	175.0	99.0	74.0	128.0	121.0	160.0	64.0	59.0	165.0	87.0	118.0	63.0	90.0	100.0	102.0	122.0	63.0	101.0	152.0	196.0	100.0	92.0	79.0	126.0	87.0	95.0	114.0	110.0	160.0	105.0	86.0	48.0	168.0	109.0	196.0	75.0	200.0	107.0	95.0	96.0	197.0	45.0	99.0	58.0	105.0	110.0	134.0	45.0	165.0	157.0	83.0	98.0	99.0	99.0	147.0	141.0	55.0	71.0	143.0	49.0	72.0	84.0	234.0	162.0	249.0	94.0	192.0	140.0	57.0	107.0	107.0	206.0	29.0	107.0	92.0
alpha_rarefaction_4558_7.txt	4558	7	161.0	89.0	140.0	202.0	245.0	238.0	129.0	215.0	230.0	207.0	210.0	131.0	84.0	108.0	196.0	126.0	130.0	95.0	175.0	105.0	80.0	122.0	126.0	157.0	64.0	57.0	169.0	91.0	116.0	67.0	94.0	95.0	105.0	121.0	59.0	98.0	150.0	202.0	99.0	98.0	73.0	123.0	84.0	97.0	113.0	110.0	166.0	100.0	85.0	56.0	176.0	113.0	191.0	77.0	196.0	100.0	83.0	99.0	201.0	40.0	104.0	57.0	101.0	107.0	127.0	47.0	160.0	159.0	79.0	100.0	93.0	104.0	148.0	134.0	62.0	71.0	158.0	49.0	76.0	90.0	238.0	168.0	246.0	97.0	187.0	132.0	54.0	110.0	107.0	203.0	30.0	111.0	96.0
alpha_rarefaction_4558_8.txt	4558	8	151.0	93.0	143.0	187.0	241.0	241.0	126.0	205.0	215.0	224.0	208.0	130.0	89.0	96.0	188.0	124.0	130.0	91.0	170.0	99.0	73.0	125.0	136.0	155.0	62.0	61.0	170.0	91.0	111.0	64.0	90.0	94.0	106.0	108.0	61.0	103.0	165.0	199.0	99.0	99.0	75.0	119.0	88.0	101.0	106.0	106.0	168.0	105.0	83.0	53.0	165.0	114.0	172.0	79.0	200.0	97.0	88.0	94.0	189.0	47.0	100.0	64.0	102.0	109.0	122.0	48.0	164.0	152.0	78.0	99.0	98.0	100.0	141.0	133.0	56.0	67.0	142.0	52.0	76.0	92.0	226.0	166.0	246.0	95.0	181.0	130.0	57.0	112.0	110.0	207.0	32.0	102.0	91.0
alpha_rarefaction_4558_9.txt	4558	9	144.0	93.0	146.0	213.0	247.0	230.0	125.0	205.0	227.0	209.0	215.0	122.0	85.0	95.0	187.0	133.0	133.0	89.0	180.0	95.0	77.0	124.0	130.0	156.0	65.0	67.0	164.0	96.0	112.0	58.0	96.0	91.0	104.0	124.0	62.0	106.0	155.0	182.0	98.0	95.0	71.0	117.0	86.0	96.0	111.0	104.0	165.0	100.0	85.0	57.0	161.0	113.0	183.0	77.0	197.0	110.0	84.0	102.0	202.0	42.0	108.0	58.0	101.0	104.0	130.0	46.0	175.0	156.0	77.0	103.0	96.0	107.0	142.0	137.0	56.0	68.0	147.0	51.0	84.0	86.0	224.0	157.0	236.0	99.0	178.0	133.0	53.0	115.0	105.0	207.0	32.0	105.0	96.0
alpha_rarefaction_6074_0.txt	6074	0	176.0	96.0	165.0	214.0	267.0	256.0	136.0	239.0	236.0	227.0	225.0	139.0	98.0	101.0	203.0	158.0	134.0	97.0	197.0	103.0	75.0	147.0	138.0	174.0	72.0	63.0	194.0	101.0	118.0	71.0	101.0	103.0	107.0	125.0	60.0	110.0	164.0	214.0	103.0	101.0	79.0	126.0	94.0	104.0	113.0	114.0	176.0	110.0	91.0	55.0	185.0	115.0	206.0	85.0	204.0	109.0	91.0	107.0	222.0	45.0	104.0	64.0	111.0	113.0	134.0	53.0	180.0	169.0	90.0	106.0	101.0	114.0	154.0	140.0	56.0	73.0	151.0	58.0	88.0	96.0	253.0	168.0	266.0	110.0	200.0	133.0	62.0	121.0	119.0	226.0	38.0	111.0	92.0
alpha_rarefaction_6074_1.txt	6074	1	174.0	96.0	161.0	209.0	283.0	254.0	139.0	238.0	250.0	220.0	218.0	145.0	96.0	111.0	209.0	136.0	132.0	91.0	214.0	102.0	81.0	141.0	140.0	172.0	69.0	65.0	180.0	101.0	120.0	66.0	95.0	97.0	109.0	130.0	64.0	110.0	155.0	219.0	105.0	90.0	79.0	128.0	98.0	104.0	116.0	113.0	173.0	122.0	89.0	55.0	182.0	115.0	191.0	80.0	208.0	115.0	88.0	110.0	201.0	47.0	108.0	61.0	96.0	116.0	137.0	47.0	177.0	165.0	86.0	106.0	104.0	104.0	153.0	149.0	56.0	76.0	156.0	55.0	79.0	97.0	252.0	174.0	253.0	106.0	206.0	143.0	58.0	116.0	111.0	224.0	34.0	119.0	91.0
alpha_rarefaction_6074_2.txt	6074	2	167.0	96.0	157.0	214.0	270.0	240.0	139.0	250.0	232.0	225.0	228.0	148.0	95.0	111.0	201.0	138.0	133.0	98.0	187.0	107.0	78.0	146.0	141.0	178.0	68.0	65.0	185.0	96.0	116.0	68.0	99.0	92.0	108.0	130.0	65.0	109.0	169.0	211.0	103.0	101.0	73.0	133.0	97.0	104.0	115.0	117.0	176.0	110.0	84.0	62.0	176.0	122.0	200.0	82.0	210.0	109.0	92.0	108.0	214.0	46.0	104.0	63.0	101.0	111.0	134.0	53.0	186.0	172.0	84.0	101.0	103.0	110.0	151.0	141.0	60.0	71.0	163.0	59.0	81.0	97.0	234.0	172.0	272.0	104.0	187.0	136.0	58.0	116.0	111.0	215.0	35.0	120.0	95.0
alpha_rarefaction_6074_3.txt	6074	3	160.0	98.0	154.0	218.0	273.0	237.0	141.0	240.0	243.0	233.0	227.0	135.0	100.0	103.0	208.0	149.0	133.0	95.0	205.0	103.0	87.0	132.0	146.0	163.0	66.0	69.0	189.0	104.0	116.0	66.0	99.0	106.0	110.0	127.0	68.0	106.0	168.0	228.0	106.0	108.0	74.0	127.0	91.0	104.0	117.0	108.0	170.0	110.0	91.0	59.0	186.0	118.0	198.0	81.0	214.0	113.0	86.0	102.0	225.0	44.0	115.0	64.0	110.0	116.0	139.0	49.0	188.0	167.0	83.0	101.0	98.0	111.0	147.0	147.0	60.0	73.0	148.0	51.0	79.0	93.0	250.0	176.0	267.0	104.0	199.0	146.0	56.0	121.0	120.0	223.0	37.0	109.0	104.0
alpha_rarefaction_6074_4.txt	6074	4	174.0	101.0	161.0	210.0	256.0	253.0	138.0	223.0	241.0	226.0	216.0	136.0	96.0	110.0	209.0	151.0	136.0	96.0	196.0	104.0	75.0	134.0	143.0	166.0	64.0	65.0	195.0	100.0	119.0	66.0	99.0	107.0	110.0	130.0	68.0	113.0	157.0	223.0	96.0	96.0	81.0	131.0	95.0	103.0	113.0	110.0	179.0	111.0	86.0	57.0	186.0	114.0	197.0	80.0	210.0	114.0	95.0	107.0	214.0	46.0	106.0	60.0	107.0	115.0	137.0	53.0	184.0	175.0	85.0	104.0	101.0	108.0	150.0	151.0	62.0	71.0	152.0	60.0	82.0	95.0	252.0	185.0	281.0	113.0	203.0	139.0	59.0	122.0	123.0	223.0	36.0	120.0	103.0
alpha_rarefaction_6074_5.txt	6074	5	171.0	98.0	154.0	218.0	267.0	235.0	141.0	222.0	240.0	231.0	234.0	145.0	93.0	103.0	225.0	146.0	127.0	88.0	192.0	98.0	78.0	134.0	140.0	172.0	69.0	63.0	179.0	96.0	114.0	72.0	97.0	104.0	111.0	129.0	61.0	110.0	167.0	211.0	106.0	102.0	75.0	133.0	90.0	104.0	107.0	116.0	169.0	111.0	90.0	54.0	175.0	116.0	193.0	84.0	208.0	104.0	92.0	101.0	216.0	43.0	110.0	63.0	103.0	125.0	140.0	50.0	185.0	167.0	82.0	108.0	100.0	111.0	150.0	150.0	61.0	73.0	151.0	53.0	79.0	94.0	264.0	183.0	263.0	106.0	204.0	148.0	60.0	122.0	116.0	219.0	35.0	113.0	100.0
alpha_rarefaction_6074_6.txt	6074	6	175.0	100.0	156.0	214.0	280.0	238.0	134.0	229.0	232.0	232.0	224.0	155.0	91.0	112.0	209.0	145.0	135.0	89.0	202.0	102.0	81.0	140.0	150.0	170.0	68.0	69.0	186.0	94.0	122.0	69.0	98.0	99.0	108.0	129.0	69.0	108.0	164.0	209.0	101.0	101.0	77.0	125.0	97.0	101.0	117.0	107.0	177.0	110.0	89.0	54.0	175.0	118.0	187.0	84.0	215.0	108.0	83.0	105.0	223.0	46.0	104.0	62.0	106.0	114.0	135.0	49.0	185.0	164.0	82.0	106.0	100.0	106.0	146.0	146.0	63.0	69.0	158.0	61.0	80.0	92.0	243.0	162.0	273.0	107.0	206.0	143.0	59.0	122.0	115.0	239.0	34.0	116.0	98.0
alpha_rarefaction_6074_7.txt	6074	7	164.0	98.0	156.0	214.0	260.0	260.0	140.0	236.0	228.0	238.0	221.0	143.0	92.0	114.0	209.0	148.0	134.0	93.0	190.0	103.0	83.0	133.0	141.0	176.0	72.0	65.0	191.0	103.0	119.0	65.0	97.0	100.0	110.0	121.0	68.0	113.0	161.0	216.0	103.0	102.0	80.0	125.0	89.0	105.0	107.0	117.0	171.0	115.0	87.0	59.0	175.0	122.0	203.0	89.0	211.0	109.0	96.0	105.0	225.0	43.0	107.0	62.0	109.0	111.0	140.0	48.0	183.0	164.0	78.0	103.0	101.0	107.0	144.0	162.0	63.0	75.0	152.0	52.0	81.0	90.0	247.0	178.0	271.0	108.0	198.0	137.0	54.0	124.0	117.0	221.0	36.0	110.0	99.0
alpha_rarefaction_6074_8.txt	6074	8	169.0	94.0	158.0	213.0	270.0	242.0	140.0	236.0	244.0	231.0	226.0	139.0	91.0	104.0	207.0	137.0	133.0	97.0	197.0	99.0	74.0	133.0	135.0	175.0	66.0	70.0	179.0	99.0	112.0	66.0	103.0	114.0	107.0	142.0	60.0	104.0	172.0	211.0	105.0	99.0	72.0	128.0	91.0	102.0	117.0	113.0	173.0	110.0	92.0	55.0	176.0	113.0	197.0	81.0	210.0	108.0	97.0	102.0	222.0	40.0	106.0	64.0	110.0	118.0	134.0	54.0	185.0	162.0	82.0	104.0	100.0	107.0	161.0	141.0	61.0	74.0	157.0	51.0	80.0	99.0	250.0	174.0	267.0	108.0	201.0	146.0	52.0	118.0	119.0	217.0	33.0	112.0	93.0
alpha_rarefaction_6074_9.txt	6074	9	174.0	93.0	152.0	222.0	262.0	248.0	137.0	237.0	216.0	234.0	236.0	146.0	101.0	105.0	203.0	147.0	142.0	96.0	204.0	102.0	79.0	137.0	139.0	174.0	66.0	61.0	189.0	105.0	121.0	69.0	99.0	97.0	105.0	130.0	63.0	109.0	156.0	222.0	105.0	101.0	73.0	127.0	92.0	101.0	117.0	113.0	167.0	118.0	89.0	58.0	174.0	119.0	207.0	84.0	221.0	114.0	90.0	107.0	206.0	41.0	109.0	62.0	113.0	114.0	136.0	50.0	182.0	169.0	84.0	108.0	100.0	110.0	140.0	154.0	61.0	74.0	161.0	59.0	82.0	96.0	252.0	176.0	269.0	111.0	195.0	148.0	57.0	120.0	118.0	229.0	35.0	111.0	99.0
alpha_rarefaction_7590_0.txt	7590	0	171.0	105.0	159.0	224.0	268.0	262.0	157.0	257.0	246.0	239.0	251.0	158.0	96.0	107.0	227.0	166.0	145.0	97.0	210.0	106.0	86.0	143.0	147.0	177.0	72.0	70.0	202.0	111.0	124.0	71.0	102.0	114.0	109.0	135.0	69.0	113.0	170.0	228.0	110.0	106.0	77.0	129.0	93.0	111.0	119.0	123.0	181.0	116.0	98.0	60.0	196.0	124.0	205.0	90.0	224.0	120.0	97.0	114.0	254.0	47.0	125.0	66.0	111.0	125.0	140.0	56.0	197.0	177.0	89.0	114.0	106.0	111.0	157.0	159.0	65.0	72.0	171.0	57.0	85.0	100.0	277.0	184.0	275.0	106.0	222.0	153.0	58.0	123.0	129.0	241.0	36.0	121.0	98.0
alpha_rarefaction_7590_1.txt	7590	1	186.0	101.0	164.0	227.0	297.0	262.0	140.0	252.0	245.0	241.0	237.0	158.0	98.0	119.0	226.0	145.0	145.0	96.0	218.0	111.0	82.0	153.0	144.0	173.0	73.0	72.0	187.0	104.0	124.0	71.0	101.0	110.0	108.0	139.0	66.0	105.0	175.0	220.0	103.0	104.0	84.0	141.0	99.0	108.0	130.0	119.0	184.0	121.0	90.0	59.0	188.0	125.0	205.0	87.0	227.0	117.0	100.0	116.0	223.0	51.0	113.0	65.0	111.0	118.0	141.0	53.0	190.0	173.0	86.0	115.0	98.0	117.0	155.0	154.0	67.0	78.0	164.0	60.0	89.0	102.0	268.0	180.0	279.0	113.0	210.0	152.0	58.0	128.0	120.0	243.0	34.0	115.0	106.0
alpha_rarefaction_7590_2.txt	7590	2	179.0	97.0	160.0	234.0	286.0	265.0	148.0	258.0	244.0	238.0	242.0	151.0	97.0	114.0	212.0	151.0	142.0	100.0	213.0	104.0	87.0	144.0	143.0	180.0	70.0	72.0	210.0	105.0	122.0	69.0	105.0	109.0	113.0	134.0	72.0	112.0	171.0	222.0	105.0	112.0	70.0	143.0	100.0	110.0	119.0	122.0	180.0	114.0	91.0	63.0	186.0	124.0	203.0	92.0	218.0	113.0	103.0	110.0	231.0	51.0	124.0	64.0	107.0	123.0	145.0	57.0	201.0	179.0	84.0	107.0	106.0	117.0	170.0	154.0	67.0	73.0	168.0	55.0	81.0	96.0	269.0	189.0	280.0	111.0	210.0	146.0	64.0	125.0	121.0	241.0	35.0	121.0	101.0
alpha_rarefaction_7590_3.txt	7590	3	187.0	104.0	177.0	229.0	291.0	263.0	145.0	256.0	250.0	240.0	247.0	161.0	99.0	111.0	228.0	155.0	133.0	96.0	211.0	110.0	88.0	140.0	158.0	175.0	66.0	64.0	187.0	110.0	126.0	70.0	114.0	104.0	112.0	128.0	69.0	109.0	178.0	227.0	107.0	108.0	75.0	142.0	95.0	104.0	130.0	122.0	174.0	113.0	98.0	61.0	188.0	122.0	204.0	92.0	216.0	115.0	99.0	114.0	229.0	45.0	110.0	64.0	111.0	122.0	144.0	55.0	198.0	173.0	85.0	118.0	103.0	113.0	162.0	146.0	64.0	71.0	163.0	63.0	86.0	105.0	270.0	178.0	280.0	110.0	217.0	151.0	61.0	121.0	125.0	235.0	34.0	113.0	103.0
alpha_rarefaction_7590_4.txt	7590	4	184.0	100.0	155.0	231.0	283.0	260.0	147.0	255.0	253.0	242.0	248.0	157.0	101.0	113.0	217.0	150.0	132.0	103.0	199.0	100.0	79.0	153.0	149.0	175.0	75.0	68.0	204.0	110.0	116.0	73.0	98.0	114.0	113.0	126.0	67.0	103.0	172.0	223.0	107.0	106.0	84.0	121.0	96.0	109.0	126.0	114.0	168.0	117.0	96.0	64.0	193.0	127.0	204.0	87.0	221.0	119.0	91.0	109.0	237.0	44.0	117.0	66.0	113.0	125.0	147.0	50.0	193.0	176.0	89.0	111.0	104.0	109.0	151.0	155.0	64.0	72.0	169.0	61.0	81.0	99.0	264.0	190.0	277.0	106.0	212.0	153.0	64.0	121.0	128.0	250.0	35.0	112.0	97.0
alpha_rarefaction_7590_5.txt	7590	5	183.0	102.0	164.0	226.0	291.0	268.0	148.0	247.0	252.0	241.0	234.0	155.0	99.0	117.0	230.0	151.0	146.0	95.0	214.0	110.0	87.0	156.0	149.0	181.0	69.0	67.0	186.0	107.0	121.0	68.0	105.0	117.0	108.0	130.0	67.0	115.0	174.0	234.0	104.0	103.0	83.0	130.0	91.0	106.0	125.0	123.0	182.0	114.0	95.0	53.0	181.0	121.0	213.0	93.0	233.0	115.0	96.0	111.0	235.0	44.0	114.0	67.0	112.0	120.0	140.0	57.0	196.0	182.0	80.0	106.0	105.0	117.0	161.0	156.0	63.0	73.0	159.0	59.0	86.0	100.0	267.0	185.0	272.0	114.0	202.0	147.0	64.0	128.0	124.0	236.0	33.0	124.0	105.0
alpha_rarefaction_7590_6.txt	7590	6	170.0	105.0	172.0	234.0	292.0	261.0	140.0	254.0	232.0	247.0	243.0	152.0	104.0	112.0	214.0	151.0	143.0	104.0	205.0	110.0	85.0	143.0	160.0	192.0	70.0	74.0	194.0	106.0	127.0	70.0	106.0	113.0	105.0	133.0	67.0	111.0	164.0	224.0	112.0	105.0	80.0	134.0	98.0	113.0	126.0	119.0	171.0	124.0	97.0	60.0	186.0	124.0	208.0	84.0	225.0	117.0	98.0	112.0	226.0	48.0	118.0	64.0	111.0	120.0	137.0	53.0	199.0	178.0	84.0	106.0	108.0	113.0	164.0	150.0	67.0	80.0	177.0	58.0	89.0	102.0	271.0	183.0	280.0	104.0	211.0	151.0	62.0	127.0	123.0	241.0	34.0	115.0	107.0
alpha_rarefaction_7590_7.txt	7590	7	172.0	104.0	163.0	232.0	289.0	260.0	148.0	261.0	254.0	250.0	240.0	143.0	98.0	116.0	225.0	160.0	137.0	104.0	204.0	110.0	82.0	146.0	145.0	185.0	72.0	62.0	195.0	103.0	123.0	67.0	103.0	107.0	114.0	130.0	69.0	108.0	175.0	236.0	104.0	104.0	78.0	138.0	97.0	109.0	122.0	118.0	180.0	112.0	93.0	59.0	187.0	127.0	208.0	89.0	226.0	123.0	97.0	111.0	243.0	46.0	116.0	65.0	108.0	128.0	127.0	56.0	184.0	174.0	83.0	114.0	102.0	114.0	157.0	148.0	57.0	73.0	177.0	58.0	87.0	100.0	265.0	185.0	275.0	112.0	207.0	156.0	59.0	121.0	123.0	240.0	38.0	129.0	99.0
alpha_rarefaction_7590_8.txt	7590	8	180.0	100.0	169.0	225.0	280.0	265.0	149.0	251.0	236.0	236.0	244.0	158.0	100.0	117.0	232.0	152.0	145.0	103.0	220.0	107.0	87.0	146.0	152.0	190.0	73.0	70.0	193.0	104.0	128.0	72.0	102.0	113.0	108.0	137.0	68.0	110.0	176.0	229.0	108.0	104.0	80.0	140.0	99.0	107.0	122.0	121.0	181.0	113.0	95.0	64.0	189.0	119.0	207.0	92.0	229.0	118.0	97.0	103.0	231.0	51.0	113.0	67.0	111.0	116.0	141.0	53.0	190.0	177.0	91.0	108.0	105.0	116.0	157.0	154.0	65.0	78.0	163.0	54.0	86.0	103.0	262.0	180.0	273.0	109.0	208.0	144.0	61.0	124.0	121.0	243.0	37.0	119.0	103.0
alpha_rarefaction_7590_9.txt	7590	9	178.0	104.0	176.0	234.0	278.0	265.0	136.0	261.0	255.0	256.0	244.0	157.0	95.0	114.0	230.0	161.0	152.0	97.0	218.0	107.0	86.0	139.0	152.0	190.0	67.0	69.0	206.0	104.0	121.0	76.0	102.0	114.0	110.0	131.0	69.0	120.0	181.0	221.0	106.0	106.0	77.0	137.0	100.0	106.0	121.0	123.0	180.0	121.0	97.0	66.0	191.0	127.0	207.0	84.0	217.0	119.0	93.0	102.0	228.0	46.0	117.0	61.0	111.0	120.0	143.0	57.0	191.0	176.0	89.0	113.0	107.0	114.0	158.0	159.0	64.0	74.0	172.0	62.0	88.0	98.0	254.0	186.0	285.0	111.0	217.0	152.0	60.0	121.0	127.0	238.0	34.0	128.0	104.0
alpha_rarefaction_9106_0.txt	9106	0	203.0	98.0	168.0	245.0	300.0	278.0	148.0	270.0	263.0	260.0	247.0	163.0	104.0	122.0	242.0	153.0	154.0	98.0	220.0	113.0	89.0	158.0	158.0	199.0	69.0	78.0	207.0	107.0	124.0	69.0	104.0	119.0	112.0	137.0	71.0	116.0	180.0	242.0	108.0	102.0	78.0	141.0	99.0	111.0	130.0	121.0	183.0	118.0	96.0	60.0	199.0	134.0	211.0	91.0	220.0	122.0	93.0	107.0	242.0	51.0	123.0	69.0	115.0	124.0	143.0	52.0	205.0	182.0	89.0	113.0	107.0	118.0	162.0	158.0	68.0	78.0	166.0	61.0	85.0	104.0	282.0	192.0	294.0	117.0	213.0	157.0	63.0	121.0	125.0	246.0	39.0	130.0	105.0
alpha_rarefaction_9106_1.txt	9106	1	186.0	105.0	182.0	245.0	305.0	275.0	152.0	273.0	276.0	270.0	250.0	156.0	103.0	115.0	240.0	153.0	146.0	107.0	224.0	111.0	92.0	141.0	155.0	192.0	81.0	68.0	205.0	112.0	129.0	73.0	110.0	114.0	115.0	137.0	68.0	115.0	177.0	237.0	112.0	109.0	84.0	136.0	103.0	111.0	135.0	121.0	187.0	114.0	98.0	59.0	193.0	127.0	213.0	95.0	223.0	118.0	103.0	111.0	251.0	47.0	128.0	67.0	125.0	129.0	148.0	55.0	206.0	173.0	92.0	115.0	112.0	117.0	155.0	162.0	66.0	73.0	176.0	61.0	85.0	100.0	295.0	190.0	282.0	109.0	213.0	150.0	66.0	127.0	138.0	267.0	39.0	128.0	107.0
alpha_rarefaction_9106_2.txt	9106	2	190.0	105.0	173.0	236.0	302.0	270.0	150.0	257.0	269.0	260.0	245.0	166.0	102.0	112.0	233.0	162.0	151.0	106.0	231.0	114.0	84.0	158.0	158.0	189.0	78.0	71.0	203.0	106.0	129.0	74.0	108.0	120.0	113.0	144.0	70.0	114.0	177.0	237.0	114.0	109.0	83.0	141.0	99.0	112.0	123.0	122.0	179.0	116.0	98.0	66.0	194.0	129.0	218.0	89.0	232.0	124.0	103.0	108.0	248.0	46.0	122.0	66.0	114.0	128.0	157.0	58.0	207.0	180.0	90.0	119.0	107.0	114.0	167.0	157.0	63.0	76.0	178.0	59.0	90.0	105.0	278.0	187.0	276.0	118.0	219.0	161.0	63.0	125.0	134.0	253.0	40.0	125.0	108.0
alpha_rarefaction_9106_3.txt	9106	3	198.0	102.0	179.0	252.0	310.0	285.0	149.0	275.0	264.0	275.0	251.0	160.0	96.0	115.0	238.0	173.0	153.0	103.0	230.0	109.0	95.0	162.0	156.0	187.0	75.0	70.0	211.0	106.0	120.0	73.0	108.0	115.0	115.0	140.0	68.0	117.0	177.0	254.0	106.0	109.0	79.0	145.0	99.0	105.0	131.0	117.0	185.0	116.0	96.0	62.0	202.0	127.0	221.0	90.0	213.0	123.0	97.0	117.0	240.0	49.0	125.0	70.0	114.0	120.0	150.0	53.0	196.0	175.0	85.0	114.0	105.0	116.0	158.0	166.0	68.0	76.0	165.0	62.0	92.0	102.0	280.0	191.0	296.0	116.0	213.0	162.0	62.0	125.0	125.0	255.0	36.0	130.0	108.0
alpha_rarefaction_9106_4.txt	9106	4	198.0	107.0	174.0	248.0	299.0	277.0	154.0	263.0	255.0	256.0	253.0	165.0	100.0	119.0	235.0	167.0	141.0	107.0	225.0	111.0	85.0	159.0	146.0	186.0	77.0	68.0	198.0	113.0	127.0	75.0	106.0	117.0	115.0	142.0	64.0	120.0	174.0	236.0	110.0	105.0	88.0	137.0	99.0	112.0	124.0	120.0	186.0	118.0	103.0	56.0	195.0	129.0	210.0	91.0	236.0	125.0	98.0	114.0	238.0	47.0	118.0	71.0	110.0	131.0	145.0	57.0	206.0	184.0	92.0	120.0	106.0	111.0	163.0	168.0	63.0	74.0	179.0	62.0	92.0	106.0	284.0	192.0	286.0	128.0	215.0	149.0	66.0	127.0	131.0	257.0	39.0	129.0	109.0
alpha_rarefaction_9106_5.txt	9106	5	197.0	105.0	179.0	243.0	303.0	288.0	153.0	264.0	255.0	265.0	238.0	170.0	102.0	116.0	248.0	161.0	153.0	105.0	227.0	113.0	91.0	153.0	150.0	189.0	78.0	70.0	218.0	114.0	124.0	71.0	104.0	116.0	116.0	136.0	73.0	115.0	178.0	243.0	115.0	106.0	77.0	129.0	102.0	112.0	135.0	119.0	178.0	119.0	94.0	67.0	196.0	130.0	215.0	90.0	229.0	126.0	102.0	113.0	233.0	50.0	118.0	65.0	117.0	125.0	150.0	51.0	204.0	187.0	89.0	114.0	108.0	118.0	168.0	161.0	69.0	76.0	177.0	58.0	87.0	106.0	284.0	186.0	300.0	120.0	220.0	155.0	62.0	125.0	131.0	252.0	37.0	130.0	103.0
alpha_rarefaction_9106_6.txt	9106	6	188.0	100.0	172.0	242.0	301.0	277.0	149.0	275.0	263.0	261.0	248.0	166.0	101.0	113.0	245.0	161.0	144.0	100.0	228.0	112.0	88.0	150.0	152.0	193.0	75.0	72.0	212.0	103.0	123.0	71.0	99.0	120.0	116.0	131.0	74.0	114.0	169.0	236.0	105.0	106.0	85.0	139.0	101.0	113.0	129.0	119.0	176.0	116.0	103.0	71.0	196.0	130.0	215.0	92.0	219.0	121.0	108.0	116.0	247.0	49.0	128.0	69.0	111.0	122.0	153.0	54.0	191.0	180.0	87.0	116.0	107.0	110.0	161.0	167.0	65.0	81.0	177.0	55.0	83.0	100.0	281.0	184.0	295.0	123.0	225.0	161.0	64.0	120.0	125.0	253.0	37.0	126.0	103.0
alpha_rarefaction_9106_7.txt	9106	7	189.0	100.0	178.0	246.0	311.0	268.0	149.0	262.0	256.0	261.0	247.0	169.0	98.0	123.0	233.0	159.0	144.0	104.0	230.0	104.0	91.0	149.0	154.0	189.0	71.0	71.0	201.0	105.0	127.0	74.0	103.0	132.0	111.0	131.0	67.0	108.0	182.0	239.0	117.0	105.0	84.0	137.0	100.0	110.0	129.0	122.0	177.0	124.0	99.0	64.0	201.0	127.0	198.0	85.0	234.0	126.0	100.0	114.0	247.0	50.0	113.0	68.0	110.0	118.0	155.0	58.0	214.0	183.0	90.0	116.0	108.0	120.0	167.0	161.0	68.0	78.0	165.0	63.0	85.0	100.0	279.0	187.0	293.0	114.0	215.0	162.0	61.0	126.0	124.0	253.0	36.0	130.0	108.0
alpha_rarefaction_9106_8.txt	9106	8	194.0	99.0	170.0	236.0	294.0	261.0	153.0	278.0	274.0	256.0	257.0	164.0	104.0	113.0	229.0	156.0	145.0	106.0	230.0	107.0	86.0	153.0	156.0	193.0	74.0	68.0	212.0	110.0	119.0	76.0	104.0	113.0	107.0	136.0	69.0	114.0	171.0	235.0	115.0	108.0	80.0	139.0	97.0	110.0	125.0	121.0	182.0	122.0	102.0	61.0	196.0	126.0	213.0	94.0	238.0	120.0	100.0	113.0	233.0	50.0	125.0	66.0	115.0	123.0	157.0	53.0	190.0	175.0	86.0	120.0	103.0	115.0	163.0	158.0	66.0	71.0	178.0	63.0	87.0	105.0	271.0	195.0	286.0	117.0	211.0	153.0	69.0	126.0	131.0	253.0	35.0	119.0	110.0
alpha_rarefaction_9106_9.txt	9106	9	189.0	105.0	170.0	242.0	302.0	273.0	155.0	267.0	278.0	270.0	249.0	151.0	102.0	124.0	224.0	160.0	145.0	101.0	210.0	108.0	80.0	151.0	155.0	179.0	74.0	70.0	206.0	109.0	128.0	69.0	109.0	117.0	115.0	138.0	73.0	117.0	175.0	246.0	108.0	112.0	83.0	140.0	96.0	110.0	132.0	124.0	184.0	119.0	92.0	66.0	194.0	127.0	215.0	89.0	217.0	118.0	100.0	122.0	247.0	51.0	124.0	65.0	115.0	125.0	148.0	61.0	201.0	173.0	90.0	122.0	105.0	117.0	170.0	167.0	70.0	80.0	176.0	62.0	87.0	97.0	273.0	192.0	281.0	121.0	211.0	161.0	64.0	127.0	127.0	260.0	34.0	124.0	106.0
alpha_rarefaction_10622_0.txt	10622	0	201.0	101.0	191.0	247.0	303.0	288.0	154.0	293.0	275.0	263.0	262.0	167.0	108.0	126.0	244.0	164.0	157.0	107.0	234.0	111.0	88.0	163.0	160.0	200.0	80.0	66.0	218.0	109.0	128.0	78.0	106.0	121.0	116.0	141.0	71.0	115.0	188.0	248.0	110.0	116.0	84.0	147.0	104.0	109.0	133.0	124.0	196.0	120.0	98.0	66.0	210.0	131.0	224.0	91.0	235.0	127.0	96.0	115.0	257.0	49.0	128.0	69.0	116.0	130.0	158.0	51.0	204.0	184.0	93.0	117.0	110.0	119.0	164.0	167.0	71.0	81.0	175.0	64.0	90.0	104.0	292.0	198.0	288.0	126.0	222.0	167.0	72.0	132.0	132.0	263.0	37.0	135.0	108.0
alpha_rarefaction_10622_1.txt	10622	1	199.0	108.0	188.0	264.0	307.0	287.0	150.0	275.0	258.0	273.0	263.0	161.0	103.0	124.0	246.0	179.0	162.0	111.0	242.0	114.0	89.0	162.0	161.0	195.0	73.0	72.0	211.0	111.0	130.0	74.0	107.0	115.0	117.0	144.0	74.0	113.0	183.0	253.0	112.0	110.0	79.0	143.0	103.0	109.0	129.0	130.0	194.0	121.0	95.0	67.0	196.0	131.0	216.0	95.0	242.0	126.0	100.0	117.0	257.0	50.0	128.0	68.0	116.0	129.0	156.0	55.0	205.0	184.0	87.0	112.0	112.0	127.0	168.0	170.0	69.0	80.0	182.0	64.0	91.0	101.0	296.0	193.0	287.0	120.0	217.0	164.0	70.0	135.0	130.0	262.0	37.0	130.0	117.0
alpha_rarefaction_10622_2.txt	10622	2	197.0	112.0	188.0	249.0	304.0	283.0	152.0	280.0	265.0	263.0	257.0	170.0	100.0	117.0	247.0	166.0	147.0	103.0	239.0	114.0	94.0	168.0	165.0	194.0	77.0	77.0	228.0	111.0	127.0	71.0	109.0	119.0	115.0	145.0	69.0	111.0	185.0	239.0	114.0	110.0	83.0	141.0	105.0	109.0	136.0	123.0	189.0	119.0	100.0	68.0	202.0	133.0	212.0	95.0	232.0	124.0	99.0	112.0	247.0	52.0	130.0	67.0	114.0	132.0	161.0	55.0	206.0	187.0	87.0	118.0	110.0	126.0	172.0	175.0	71.0	77.0	172.0	64.0	88.0	106.0	290.0	197.0	307.0	126.0	230.0	157.0	65.0	128.0	137.0	267.0	38.0	126.0	104.0
alpha_rarefaction_10622_3.txt	10622	3	203.0	108.0	184.0	249.0	307.0	284.0	157.0	269.0	273.0	278.0	259.0	170.0	105.0	127.0	253.0	165.0	149.0	101.0	239.0	110.0	86.0	156.0	161.0	194.0	79.0	72.0	213.0	111.0	130.0	70.0	110.0	117.0	117.0	141.0	71.0	118.0	184.0	246.0	109.0	116.0	85.0	146.0	108.0	116.0	134.0	129.0	188.0	123.0	101.0	66.0	196.0	135.0	228.0	98.0	243.0	125.0	98.0	110.0	246.0	50.0	129.0	68.0	114.0	127.0	152.0	60.0	213.0	188.0	94.0	115.0	104.0	121.0	164.0	167.0	71.0	80.0	179.0	67.0	91.0	103.0	290.0	192.0	300.0	130.0	226.0	162.0	65.0	133.0	125.0	262.0	38.0	129.0	108.0
alpha_rarefaction_10622_4.txt	10622	4	211.0	111.0	187.0	258.0	310.0	282.0	147.0	272.0	271.0	262.0	265.0	173.0	100.0	127.0	235.0	170.0	151.0	104.0	228.0	113.0	86.0	163.0	159.0	201.0	79.0	75.0	219.0	109.0	129.0	69.0	109.0	117.0	115.0	148.0	73.0	119.0	177.0	244.0	117.0	109.0	80.0	141.0	100.0	112.0	127.0	127.0	187.0	131.0	99.0	58.0	199.0	129.0	217.0	99.0	232.0	122.0	99.0	122.0	259.0	53.0	126.0	67.0	117.0	134.0	149.0	56.0	208.0	180.0	93.0	116.0	115.0	120.0	176.0	167.0	70.0	83.0	175.0	70.0	86.0	103.0	288.0	189.0	295.0	118.0	223.0	164.0	65.0	127.0	132.0	269.0	40.0	137.0	109.0
alpha_rarefaction_10622_5.txt	10622	5	193.0	108.0	175.0	260.0	325.0	280.0	157.0	281.0	284.0	267.0	266.0	163.0	104.0	123.0	246.0	174.0	153.0	106.0	234.0	116.0	92.0	160.0	153.0	189.0	76.0	76.0	220.0	112.0	126.0	72.0	109.0	122.0	112.0	138.0	71.0	121.0	175.0	239.0	113.0	121.0	83.0	140.0	99.0	114.0	132.0	121.0	186.0	121.0	104.0	67.0	200.0	134.0	223.0	103.0	249.0	126.0	105.0	116.0	255.0	51.0	131.0	66.0	118.0	125.0	154.0	51.0	199.0	184.0	88.0	117.0	116.0	125.0	162.0	166.0	72.0	83.0	177.0	64.0	86.0	100.0	284.0	190.0	309.0	129.0	238.0	154.0	63.0	137.0	130.0	269.0	36.0	127.0	110.0
alpha_rarefaction_10622_6.txt	10622	6	195.0	104.0	193.0	249.0	316.0	287.0	142.0	292.0	277.0	272.0	261.0	171.0	106.0	123.0	247.0	175.0	154.0	107.0	231.0	112.0	90.0	161.0	159.0	192.0	80.0	70.0	219.0	112.0	129.0	73.0	105.0	115.0	114.0	140.0	74.0	115.0	185.0	243.0	113.0	115.0	84.0	138.0	98.0	110.0	130.0	125.0	192.0	123.0	110.0	69.0	195.0	127.0	221.0	98.0	240.0	123.0	105.0	116.0	249.0	51.0	125.0	65.0	120.0	130.0	153.0	55.0	213.0	193.0	96.0	120.0	104.0	123.0	160.0	167.0	70.0	82.0	181.0	68.0	90.0	101.0	288.0	188.0	307.0	123.0	224.0	164.0	67.0	134.0	131.0	258.0	39.0	136.0	105.0
alpha_rarefaction_10622_7.txt	10622	7	210.0	107.0	179.0	262.0	322.0	295.0	148.0	282.0	279.0	266.0	263.0	161.0	107.0	132.0	255.0	187.0	154.0	116.0	236.0	111.0	90.0	162.0	168.0	204.0	78.0	71.0	216.0	117.0	125.0	74.0	115.0	121.0	114.0	143.0	73.0	120.0	184.0	242.0	114.0	115.0	85.0	144.0	104.0	114.0	137.0	126.0	187.0	123.0	104.0	65.0	197.0	135.0	218.0	102.0	239.0	126.0	100.0	120.0	256.0	51.0	122.0	68.0	121.0	131.0	161.0	61.0	211.0	182.0	94.0	121.0	110.0	125.0	163.0	171.0	67.0	84.0	183.0	62.0	92.0	106.0	294.0	193.0	296.0	122.0	222.0	157.0	66.0	136.0	140.0	250.0	36.0	133.0	107.0
alpha_rarefaction_10622_8.txt	10622	8	198.0	110.0	200.0	260.0	317.0	280.0	158.0	271.0	279.0	276.0	263.0	160.0	105.0	121.0	229.0	180.0	150.0	105.0	246.0	117.0	88.0	160.0	159.0	195.0	80.0	71.0	212.0	113.0	127.0	69.0	103.0	114.0	114.0	140.0	67.0	123.0	186.0	244.0	115.0	114.0	84.0	140.0	104.0	114.0	132.0	123.0	192.0	128.0	105.0	70.0	201.0	132.0	224.0	103.0	244.0	123.0	101.0	118.0	244.0	49.0	129.0	68.0	122.0	130.0	150.0	55.0	202.0	189.0	90.0	119.0	112.0	121.0	165.0	170.0	69.0	80.0	179.0	64.0	92.0	114.0	286.0	195.0	294.0	128.0	220.0	162.0	67.0	132.0	129.0	271.0	42.0	130.0	107.0
alpha_rarefaction_10622_9.txt	10622	9	191.0	111.0	180.0	237.0	309.0	290.0	149.0	282.0	280.0	274.0	254.0	167.0	108.0	119.0	256.0	181.0	156.0	112.0	233.0	110.0	89.0	160.0	162.0	207.0	82.0	72.0	215.0	111.0	139.0	74.0	109.0	121.0	116.0	135.0	65.0	121.0	178.0	243.0	114.0	120.0	80.0	148.0	101.0	110.0	137.0	124.0	180.0	116.0	106.0	65.0	198.0	134.0	221.0	96.0	242.0	129.0	97.0	113.0	251.0	54.0	122.0	71.0	121.0	129.0	160.0	54.0	214.0	193.0	93.0	120.0	108.0	121.0	166.0	169.0	73.0	80.0	190.0	60.0	96.0	103.0	294.0	192.0	292.0	109.0	228.0	170.0	60.0	132.0	130.0	267.0	42.0	129.0	110.0
alpha_rarefaction_12138_0.txt	12138	0	210.0	106.0	191.0	260.0	338.0	290.0	157.0	290.0	299.0	297.0	267.0	174.0	101.0	124.0	253.0	176.0	149.0	114.0	251.0	112.0	93.0	170.0	162.0	204.0	76.0	80.0	218.0	115.0	132.0	72.0	110.0	118.0	117.0	147.0	77.0	114.0	196.0	253.0	117.0	114.0	83.0	150.0	102.0	114.0	136.0	130.0	194.0	118.0	100.0	70.0	201.0	134.0	228.0	101.0	239.0	130.0	96.0	116.0	265.0	53.0	127.0	67.0	117.0	130.0	167.0	59.0	211.0	188.0	93.0	121.0	114.0	126.0	167.0	170.0	74.0	81.0	192.0	66.0	82.0	108.0	305.0	206.0	305.0	131.0	228.0	164.0	65.0	138.0	134.0	279.0	39.0	130.0	113.0
alpha_rarefaction_12138_1.txt	12138	1	199.0	116.0	182.0	266.0	325.0	289.0	158.0	298.0	281.0	287.0	272.0	181.0	107.0	131.0	265.0	167.0	161.0	114.0	241.0	113.0	93.0	165.0	172.0	207.0	80.0	70.0	218.0	113.0	135.0	76.0	107.0	129.0	116.0	146.0	77.0	125.0	188.0	258.0	117.0	113.0	85.0	146.0	104.0	112.0	131.0	120.0	188.0	124.0	109.0	73.0	199.0	137.0	224.0	104.0	248.0	134.0	107.0	120.0	265.0	50.0	133.0	68.0	119.0	134.0	154.0	61.0	216.0	186.0	99.0	124.0	114.0	120.0	173.0	173.0	70.0	75.0	177.0	64.0	90.0	107.0	305.0	199.0	313.0	129.0	225.0	161.0	67.0	133.0	132.0	276.0	45.0	139.0	107.0
alpha_rarefaction_12138_2.txt	12138	2	205.0	112.0	194.0	251.0	315.0	298.0	164.0	289.0	279.0	284.0	277.0	180.0	111.0	127.0	253.0	175.0	149.0	109.0	235.0	109.0	95.0	165.0	159.0	208.0	84.0	70.0	234.0	111.0	135.0	73.0	112.0	121.0	115.0	149.0	73.0	127.0	191.0	253.0	113.0	124.0	86.0	146.0	104.0	116.0	135.0	128.0	190.0	133.0	101.0	65.0	204.0	135.0	226.0	98.0	240.0	125.0	109.0	123.0	257.0	51.0	129.0	68.0	118.0	132.0	166.0	57.0	216.0	183.0	93.0	120.0	118.0	122.0	166.0	162.0	73.0	81.0	181.0	61.0	90.0	117.0	293.0	201.0	313.0	126.0	234.0	164.0	68.0	135.0	138.0	270.0	42.0	126.0	110.0
alpha_rarefaction_12138_3.txt	12138	3	205.0	104.0	190.0	263.0	323.0	302.0	160.0	275.0	280.0	279.0	271.0	177.0	104.0	124.0	246.0	183.0	158.0	120.0	239.0	116.0	92.0	162.0	164.0	214.0	77.0	73.0	228.0	113.0	129.0	71.0	113.0	119.0	120.0	146.0	78.0	120.0	191.0	247.0	115.0	120.0	89.0	146.0	105.0	115.0	129.0	131.0	193.0	129.0	106.0	63.0	207.0	133.0	232.0	94.0	238.0	127.0	106.0	122.0	256.0	50.0	132.0	72.0	122.0	126.0	164.0	58.0	214.0	192.0	94.0	122.0	108.0	126.0	175.0	168.0	73.0	75.0	184.0	63.0	92.0	107.0	299.0	209.0	311.0	128.0	225.0	165.0	67.0	135.0	129.0	272.0	42.0	130.0	109.0
alpha_rarefaction_12138_4.txt	12138	4	214.0	110.0	182.0	259.0	327.0	299.0	165.0	281.0	285.0	275.0	258.0	170.0	107.0	131.0	256.0	193.0	159.0	101.0	255.0	114.0	92.0	157.0	166.0	194.0	80.0	79.0	221.0	122.0	133.0	77.0	116.0	114.0	118.0	141.0	79.0	118.0	190.0	255.0	110.0	125.0	90.0	148.0	103.0	116.0	133.0	123.0	184.0	125.0	104.0	65.0	198.0	129.0	219.0	97.0	247.0	130.0	104.0	125.0	258.0	54.0	133.0	70.0	120.0	131.0	163.0	54.0	207.0	192.0	93.0	120.0	111.0	122.0	178.0	167.0	72.0	81.0	180.0	66.0	89.0	103.0	312.0	201.0	297.0	127.0	228.0	164.0	66.0	137.0	134.0	261.0	39.0	133.0	108.0
alpha_rarefaction_12138_5.txt	12138	5	207.0	104.0	189.0	272.0	330.0	289.0	160.0	296.0	285.0	291.0	274.0	179.0	109.0	135.0	257.0	184.0	149.0	117.0	245.0	114.0	93.0	161.0	166.0	207.0	82.0	71.0	212.0	121.0	129.0	73.0	107.0	121.0	114.0	145.0	74.0	117.0	186.0	245.0	112.0	110.0	88.0	147.0	105.0	113.0	131.0	133.0	188.0	118.0	94.0	72.0	210.0	136.0	221.0	99.0	244.0	130.0	106.0	122.0	263.0	52.0	132.0	64.0	123.0	139.0	157.0	60.0	211.0	183.0	96.0	120.0	115.0	119.0	171.0	177.0	73.0	79.0	182.0	67.0	96.0	112.0	302.0	200.0	317.0	132.0	227.0	164.0	73.0	135.0	135.0	266.0	39.0	137.0	109.0
alpha_rarefaction_12138_6.txt	12138	6	203.0	107.0	197.0	269.0	329.0	304.0	156.0	293.0	277.0	279.0	262.0	175.0	111.0	124.0	260.0	187.0	146.0	108.0	243.0	112.0	91.0	165.0	170.0	213.0	78.0	69.0	229.0	120.0	129.0	76.0	111.0	127.0	118.0	144.0	77.0	118.0	191.0	255.0	114.0	119.0	86.0	145.0	105.0	116.0	136.0	124.0	197.0	128.0	102.0	69.0	213.0	142.0	216.0	96.0	241.0	139.0	106.0	117.0	254.0	53.0	128.0	62.0	115.0	134.0	156.0	57.0	215.0	195.0	94.0	112.0	113.0	122.0	161.0	176.0	72.0	77.0	189.0	66.0	90.0	114.0	299.0	197.0	312.0	130.0	234.0	162.0	68.0	131.0	133.0	276.0	37.0	125.0	115.0
alpha_rarefaction_12138_7.txt	12138	7	205.0	108.0	202.0	256.0	339.0	296.0	160.0	288.0	285.0	274.0	270.0	179.0	105.0	127.0	246.0	183.0	160.0	110.0	244.0	111.0	92.0	161.0	161.0	207.0	81.0	77.0	208.0	114.0	129.0	74.0	115.0	124.0	116.0	154.0	73.0	122.0	189.0	253.0	121.0	115.0	88.0	144.0	102.0	113.0	140.0	127.0	197.0	120.0	103.0	70.0	206.0	133.0	221.0	94.0	244.0	125.0	104.0	121.0	265.0	54.0	126.0	68.0	127.0	128.0	153.0	61.0	226.0	189.0	95.0	117.0	111.0	124.0	176.0	169.0	70.0	85.0	185.0	66.0	97.0	104.0	288.0	206.0	318.0	132.0	216.0	173.0	67.0	135.0	135.0	275.0	43.0	134.0	112.0
alpha_rarefaction_12138_8.txt	12138	8	203.0	113.0	189.0	260.0	328.0	295.0	152.0	293.0	284.0	266.0	263.0	166.0	106.0	129.0	254.0	185.0	156.0	111.0	263.0	113.0	94.0	163.0	170.0	197.0	81.0	74.0	236.0	111.0	134.0	72.0	110.0	116.0	115.0	144.0	72.0	122.0	192.0	241.0	123.0	116.0	82.0	140.0	105.0	115.0	127.0	130.0	185.0	130.0	106.0	69.0	215.0	133.0	232.0	97.0	246.0	136.0	104.0	122.0	264.0	49.0	130.0	67.0	117.0	129.0	172.0	62.0	223.0	187.0	91.0	127.0	108.0	117.0	174.0	161.0	72.0	83.0	193.0	63.0	92.0	108.0	299.0	195.0	308.0	125.0	225.0	168.0	67.0	131.0	136.0	272.0	39.0	138.0	116.0
alpha_rarefaction_12138_9.txt	12138	9	202.0	110.0	194.0	255.0	324.0	298.0	157.0	279.0	277.0	279.0	272.0	176.0	111.0	126.0	236.0	186.0	151.0	120.0	238.0	113.0	91.0	167.0	164.0	207.0	85.0	73.0	232.0	120.0	130.0	80.0	117.0	120.0	119.0	139.0	74.0	122.0	185.0	251.0	111.0	113.0	84.0	144.0	108.0	112.0	134.0	127.0	190.0	125.0	106.0	63.0	211.0	137.0	228.0	99.0	240.0	125.0	102.0	123.0	261.0	52.0	132.0	66.0	121.0	131.0	170.0	58.0	218.0	191.0	93.0	124.0	117.0	124.0	173.0	165.0	73.0	78.0	180.0	65.0	88.0	108.0	302.0	205.0	312.0	127.0	236.0	170.0	64.0	135.0	130.0	275.0	40.0	133.0	115.0
alpha_rarefaction_13654_0.txt	13654	0	211.0	119.0	200.0	269.0	326.0	316.0	156.0	303.0	288.0	285.0	286.0	174.0	116.0	130.0	263.0	184.0	154.0	122.0	241.0	114.0	96.0	166.0	168.0	197.0	82.0	76.0	228.0	119.0	133.0	79.0	109.0	119.0	116.0	146.0	76.0	126.0	191.0	263.0	120.0	119.0	83.0	151.0	105.0	115.0	138.0	135.0	190.0	125.0	104.0	69.0	212.0	133.0	233.0	99.0	242.0	133.0	110.0	121.0	268.0	55.0	132.0	67.0	124.0	133.0	163.0	59.0	223.0	194.0	96.0	128.0	115.0	122.0	168.0	178.0	74.0	83.0	184.0	67.0	91.0	114.0	303.0	211.0	316.0	127.0	225.0	164.0	75.0	142.0	138.0	272.0	39.0	138.0	115.0
alpha_rarefaction_13654_1.txt	13654	1	209.0	109.0	196.0	267.0	322.0	299.0	158.0	288.0	277.0	281.0	266.0	187.0	118.0	133.0	268.0	187.0	155.0	118.0	259.0	118.0	94.0	158.0	167.0	202.0	81.0	80.0	238.0	116.0	133.0	78.0	117.0	126.0	121.0	146.0	73.0	124.0	190.0	259.0	123.0	119.0	85.0	148.0	108.0	115.0	143.0	133.0	194.0	135.0	107.0	68.0	213.0	134.0	246.0	97.0	248.0	140.0	104.0	122.0	260.0	55.0	140.0	71.0	122.0	136.0	165.0	59.0	222.0	193.0	96.0	123.0	114.0	124.0	176.0	184.0	74.0	85.0	187.0	69.0	95.0	112.0	299.0	210.0	323.0	129.0	235.0	171.0	71.0	131.0	135.0	272.0	40.0	137.0	114.0
alpha_rarefaction_13654_2.txt	13654	2	209.0	110.0	196.0	274.0	343.0	305.0	159.0	308.0	295.0	305.0	275.0	182.0	112.0	136.0	256.0	195.0	165.0	117.0	250.0	115.0	92.0	169.0	167.0	207.0	87.0	77.0	229.0	116.0	135.0	73.0	109.0	134.0	118.0	144.0	79.0	126.0	199.0	263.0	123.0	121.0	89.0	147.0	106.0	116.0	140.0	131.0	195.0	131.0	106.0	66.0	219.0	130.0	237.0	108.0	244.0	136.0	108.0	128.0	267.0	53.0	133.0	66.0	127.0	136.0	160.0	59.0	221.0	190.0	92.0	126.0	106.0	121.0	174.0	176.0	74.0	82.0	185.0	68.0	96.0	113.0	303.0	195.0	323.0	135.0	228.0	178.0	67.0	140.0	139.0	276.0	42.0	133.0	107.0
alpha_rarefaction_13654_3.txt	13654	3	216.0	115.0	207.0	275.0	337.0	308.0	163.0	315.0	294.0	296.0	282.0	178.0	114.0	138.0	261.0	188.0	157.0	117.0	261.0	117.0	98.0	163.0	169.0	218.0	86.0	77.0	227.0	115.0	130.0	72.0	116.0	125.0	117.0	147.0	76.0	121.0	187.0	263.0	119.0	117.0	95.0	145.0	107.0	114.0	140.0	124.0	198.0	125.0	106.0	67.0	211.0	139.0	239.0	103.0	246.0	133.0	105.0	123.0	266.0	55.0	138.0	68.0	122.0	132.0	159.0	60.0	226.0	186.0	97.0	127.0	110.0	128.0	180.0	185.0	72.0	79.0	189.0	66.0	99.0	117.0	306.0	204.0	302.0	126.0	237.0	168.0	69.0	135.0	137.0	273.0	38.0	138.0	108.0
alpha_rarefaction_13654_4.txt	13654	4	218.0	115.0	205.0	270.0	331.0	298.0	157.0	286.0	287.0	288.0	271.0	188.0	114.0	138.0	262.0	193.0	165.0	113.0	253.0	114.0	97.0	165.0	176.0	206.0	85.0	74.0	229.0	116.0	136.0	73.0	108.0	128.0	122.0	153.0	75.0	121.0	181.0	254.0	120.0	122.0	83.0	142.0	100.0	115.0	133.0	131.0	200.0	130.0	106.0	70.0	212.0	137.0	228.0	102.0	254.0	137.0	107.0	129.0	267.0	56.0	136.0	70.0	128.0	130.0	156.0	59.0	228.0	196.0	94.0	126.0	115.0	131.0	177.0	178.0	71.0	86.0	196.0	64.0	93.0	111.0	312.0	204.0	320.0	128.0	241.0	177.0	69.0	141.0	137.0	292.0	38.0	137.0	111.0
alpha_rarefaction_13654_5.txt	13654	5	210.0	114.0	186.0	272.0	333.0	300.0	164.0	314.0	286.0	290.0	283.0	171.0	109.0	137.0	250.0	185.0	157.0	121.0	255.0	113.0	94.0	172.0	162.0	208.0	92.0	74.0	220.0	117.0	133.0	79.0	110.0	124.0	120.0	148.0	74.0	124.0	191.0	259.0	116.0	119.0	100.0	151.0	104.0	114.0	142.0	129.0	196.0	128.0	109.0	72.0	209.0	133.0	230.0	103.0	245.0	128.0	105.0	125.0	258.0	52.0	134.0	68.0	122.0	138.0	162.0	58.0	219.0	194.0	92.0	121.0	121.0	126.0	174.0	176.0	74.0	83.0	185.0	64.0	96.0	108.0	307.0	204.0	315.0	127.0	239.0	173.0	74.0	146.0	145.0	283.0	37.0	138.0	108.0
alpha_rarefaction_13654_6.txt	13654	6	205.0	116.0	196.0	268.0	332.0	309.0	159.0	291.0	288.0	281.0	277.0	178.0	105.0	126.0	269.0	182.0	163.0	119.0	255.0	114.0	96.0	170.0	170.0	208.0	89.0	79.0	232.0	114.0	137.0	77.0	114.0	129.0	117.0	152.0	80.0	121.0	186.0	261.0	118.0	120.0	89.0	152.0	105.0	117.0	137.0	134.0	191.0	130.0	107.0	68.0	211.0	139.0	232.0	109.0	257.0	132.0	112.0	122.0	261.0	57.0	132.0	69.0	121.0	135.0	159.0	62.0	230.0	194.0	100.0	123.0	114.0	119.0	180.0	177.0	74.0	85.0	192.0	65.0	97.0	107.0	310.0	214.0	315.0	137.0	226.0	163.0	64.0	139.0	143.0	261.0	41.0	134.0	111.0
alpha_rarefaction_13654_7.txt	13654	7	210.0	111.0	195.0	274.0	323.0	303.0	157.0	309.0	293.0	288.0	270.0	175.0	115.0	128.0	269.0	187.0	158.0	109.0	256.0	116.0	96.0	155.0	172.0	212.0	76.0	75.0	227.0	117.0	134.0	72.0	114.0	127.0	121.0	156.0	78.0	120.0	198.0	259.0	114.0	117.0	85.0	148.0	106.0	117.0	131.0	127.0	189.0	125.0	106.0	64.0	211.0	140.0	239.0	103.0	253.0	129.0	101.0	130.0	272.0	56.0	132.0	68.0	126.0	130.0	165.0	65.0	234.0	192.0	90.0	120.0	110.0	127.0	184.0	176.0	73.0	83.0	182.0	69.0	93.0	107.0	300.0	206.0	314.0	130.0	240.0	175.0	74.0	135.0	139.0	282.0	41.0	137.0	114.0
alpha_rarefaction_13654_8.txt	13654	8	209.0	115.0	193.0	265.0	336.0	299.0	159.0	307.0	299.0	280.0	280.0	199.0	111.0	128.0	259.0	183.0	156.0	117.0	255.0	118.0	97.0	169.0	167.0	201.0	79.0	77.0	231.0	111.0	133.0	70.0	109.0	126.0	117.0	144.0	78.0	116.0	194.0	264.0	120.0	121.0	91.0	152.0	108.0	115.0	138.0	127.0	195.0	128.0	103.0	67.0	212.0	139.0	231.0	103.0	253.0	135.0	108.0	123.0	268.0	50.0	136.0	70.0	123.0	131.0	161.0	60.0	220.0	192.0	96.0	128.0	118.0	124.0	171.0	172.0	72.0	75.0	187.0	62.0	95.0	113.0	308.0	204.0	315.0	128.0	237.0	172.0	65.0	133.0	136.0	283.0	38.0	139.0	110.0
alpha_rarefaction_13654_9.txt	13654	9	201.0	112.0	207.0	285.0	326.0	304.0	158.0	308.0	294.0	289.0	269.0	171.0	110.0	123.0	249.0	188.0	159.0	114.0	254.0	117.0	96.0	165.0	172.0	217.0	81.0	73.0	228.0	116.0	131.0	73.0	114.0	125.0	121.0	152.0	75.0	123.0	198.0	252.0	111.0	119.0	91.0	142.0	104.0	117.0	136.0	132.0	194.0	126.0	105.0	65.0	214.0	134.0	233.0	99.0	250.0	134.0	106.0	121.0	269.0	51.0	131.0	71.0	127.0	144.0	156.0	60.0	219.0	186.0	103.0	119.0	112.0	123.0	179.0	175.0	70.0	84.0	191.0	68.0	98.0	113.0	302.0	207.0	312.0	128.0	227.0	168.0	71.0	142.0	133.0	278.0	35.0	137.0	109.0
alpha_rarefaction_15170_0.txt	15170	0	216.0	116.0	198.0	266.0	346.0	297.0	167.0	314.0	292.0	286.0	276.0	192.0	115.0	130.0	273.0	189.0	160.0	126.0	272.0	119.0	94.0	163.0	171.0	209.0	85.0	76.0	239.0	120.0	135.0	74.0	115.0	130.0	124.0	148.0	78.0	126.0	198.0	255.0	117.0	123.0	90.0	155.0	102.0	117.0	145.0	133.0	193.0	125.0	106.0	67.0	221.0	136.0	223.0	109.0	247.0	132.0	112.0	128.0	269.0	52.0	137.0	73.0	124.0	141.0	168.0	59.0	231.0	192.0	100.0	130.0	117.0	130.0	180.0	185.0	75.0	83.0	196.0	63.0	95.0	111.0	321.0	205.0	312.0	128.0	234.0	170.0	72.0	138.0	142.0	276.0	38.0	131.0	111.0
alpha_rarefaction_15170_1.txt	15170	1	209.0	115.0	206.0	275.0	343.0	306.0	163.0	316.0	305.0	300.0	277.0	187.0	112.0	122.0	263.0	184.0	157.0	119.0	274.0	120.0	94.0	184.0	173.0	218.0	81.0	77.0	231.0	119.0	133.0	77.0	113.0	124.0	121.0	150.0	74.0	127.0	204.0	265.0	120.0	116.0	86.0	153.0	102.0	116.0	141.0	136.0	193.0	133.0	107.0	71.0	217.0	137.0	231.0	106.0	248.0	136.0	109.0	126.0	272.0	54.0	130.0	69.0	123.0	142.0	163.0	58.0	226.0	191.0	96.0	120.0	116.0	133.0	187.0	185.0	75.0	81.0	194.0	73.0	98.0	117.0	310.0	197.0	325.0	136.0	249.0	174.0	73.0	144.0	134.0	280.0	43.0	142.0	107.0
alpha_rarefaction_15170_2.txt	15170	2	231.0	116.0	194.0	279.0	336.0	310.0	171.0	316.0	308.0	285.0	279.0	189.0	123.0	128.0	278.0	196.0	163.0	118.0	260.0	116.0	100.0	174.0	176.0	217.0	92.0	74.0	235.0	124.0	130.0	72.0	115.0	127.0	122.0	144.0	77.0	122.0	196.0	257.0	119.0	120.0	88.0	153.0	104.0	116.0	138.0	124.0	203.0	124.0	111.0	69.0	217.0	143.0	243.0	98.0	252.0	136.0	106.0	122.0	283.0	60.0	137.0	72.0	123.0	134.0	164.0	61.0	228.0	198.0	95.0	132.0	122.0	128.0	174.0	181.0	75.0	84.0	192.0	68.0	99.0	113.0	318.0	212.0	311.0	140.0	241.0	174.0	72.0	142.0	147.0	282.0	44.0	134.0	111.0
alpha_rarefaction_15170_3.txt	15170	3	218.0	115.0	204.0	276.0	339.0	323.0	166.0	307.0	303.0	301.0	279.0	193.0	111.0	132.0	266.0	195.0	165.0	122.0	270.0	120.0	86.0	174.0	165.0	206.0	84.0	81.0	234.0	125.0	130.0	73.0	112.0	131.0	120.0	155.0	75.0	130.0	196.0	266.0	117.0	123.0	90.0	157.0	106.0	117.0	139.0	127.0	199.0	129.0	106.0	70.0	218.0	132.0	238.0	102.0	249.0	138.0	111.0	128.0	277.0	55.0	133.0	72.0	117.0	137.0	168.0	58.0	224.0	196.0	96.0	129.0	121.0	128.0	184.0	177.0	75.0	81.0	199.0	69.0	99.0	114.0	313.0	215.0	313.0	134.0	236.0	172.0	72.0	143.0	138.0	289.0	41.0	137.0	109.0
alpha_rarefaction_15170_4.txt	15170	4	216.0	121.0	198.0	283.0	334.0	313.0	164.0	303.0	303.0	296.0	287.0	184.0	112.0	137.0	273.0	194.0	155.0	119.0	258.0	118.0	92.0	169.0	167.0	213.0	86.0	77.0	234.0	117.0	140.0	76.0	107.0	128.0	122.0	162.0	76.0	128.0	201.0	263.0	120.0	126.0	92.0	156.0	110.0	117.0	142.0	130.0	205.0	130.0	102.0	72.0	223.0	142.0	233.0	101.0	259.0	134.0	103.0	129.0	276.0	50.0	140.0	70.0	128.0	132.0	176.0	59.0	220.0	200.0	96.0	126.0	115.0	127.0	182.0	186.0	74.0	83.0	192.0	70.0	98.0	118.0	310.0	213.0	326.0	130.0	240.0	176.0	71.0	137.0	140.0	286.0	38.0	140.0	111.0
alpha_rarefaction_15170_5.txt	15170	5	221.0	115.0	206.0	277.0	339.0	320.0	157.0	322.0	296.0	287.0	276.0	178.0	119.0	134.0	274.0	194.0	160.0	119.0	249.0	119.0	94.0	177.0	176.0	209.0	90.0	78.0	234.0	121.0	137.0	79.0	115.0	125.0	116.0	159.0	79.0	125.0	197.0	268.0	119.0	121.0	95.0	145.0	108.0	117.0	138.0	132.0	195.0	123.0	106.0	66.0	205.0	137.0	243.0	100.0	247.0	135.0	109.0	131.0	276.0	52.0	143.0	70.0	126.0	132.0	158.0	61.0	229.0	203.0	99.0	122.0	116.0	123.0	175.0	175.0	75.0	80.0	184.0	68.0	96.0	119.0	313.0	212.0	329.0	133.0	239.0	173.0	70.0	140.0	143.0	289.0	39.0	144.0	116.0
alpha_rarefaction_15170_6.txt	15170	6	208.0	123.0	196.0	273.0	352.0	314.0	165.0	313.0	298.0	296.0	282.0	188.0	111.0	129.0	277.0	200.0	164.0	121.0	254.0	117.0	94.0	173.0	170.0	211.0	87.0	81.0	238.0	120.0	139.0	74.0	118.0	130.0	120.0	151.0	78.0	120.0	205.0	263.0	117.0	119.0	94.0	151.0	105.0	117.0	143.0	130.0	203.0	133.0	110.0	71.0	213.0	141.0	243.0	103.0	260.0	131.0	105.0	127.0	269.0	57.0	137.0	71.0	124.0	134.0	161.0	64.0	225.0	192.0	97.0	129.0	112.0	130.0	181.0	183.0	74.0	76.0	186.0	68.0	98.0	115.0	314.0	203.0	316.0	134.0	238.0	172.0	65.0	142.0	143.0	282.0	41.0	138.0	114.0
alpha_rarefaction_15170_7.txt	15170	7	223.0	118.0	190.0	278.0	345.0	326.0	158.0	316.0	298.0	302.0	280.0	191.0	111.0	127.0	261.0	184.0	161.0	118.0	278.0	115.0	95.0	168.0	171.0	210.0	82.0	75.0	238.0	122.0	132.0	76.0	113.0	125.0	120.0	150.0	79.0	123.0	198.0	267.0	115.0	128.0	96.0	157.0	104.0	117.0	138.0	130.0	197.0	131.0	111.0	72.0	215.0	143.0	240.0	109.0	252.0	126.0	111.0	121.0	285.0	52.0	135.0	70.0	123.0	144.0	170.0	56.0	233.0	194.0	97.0	126.0	115.0	124.0	176.0	182.0	75.0	79.0	203.0	65.0	99.0	117.0	330.0	215.0	319.0	142.0	238.0	177.0	75.0	140.0	137.0	288.0	44.0	133.0	112.0
alpha_rarefaction_15170_8.txt	15170	8	217.0	113.0	198.0	273.0	338.0	309.0	165.0	324.0	306.0	295.0	284.0	184.0	114.0	140.0	274.0	198.0	154.0	118.0	256.0	118.0	93.0	182.0	164.0	213.0	82.0	79.0	230.0	117.0	136.0	76.0	117.0	126.0	121.0	146.0	77.0	125.0	194.0	256.0	120.0	125.0	95.0	150.0	103.0	117.0	137.0	132.0	195.0	127.0	107.0	74.0	215.0	129.0	234.0	105.0	260.0	135.0	106.0	124.0	275.0	50.0	141.0	70.0	123.0	136.0	162.0	59.0	229.0	185.0	96.0	129.0	115.0	131.0	181.0	189.0	74.0	86.0	195.0	64.0	97.0	115.0	315.0	210.0	320.0	144.0	239.0	175.0	72.0	140.0	147.0	285.0	41.0	136.0	111.0
alpha_rarefaction_15170_9.txt	15170	9	220.0	113.0	200.0	268.0	341.0	318.0	163.0	327.0	299.0	303.0	278.0	187.0	114.0	138.0	270.0	185.0	167.0	112.0	268.0	116.0	97.0	172.0	177.0	220.0	85.0	81.0	226.0	120.0	138.0	76.0	114.0	122.0	122.0	152.0	82.0	127.0	196.0	270.0	124.0	126.0	90.0	148.0	100.0	117.0	141.0	131.0	195.0	129.0	112.0	72.0	218.0	137.0	232.0	102.0	254.0	137.0	112.0	121.0	281.0	54.0	146.0	75.0	130.0	134.0	169.0	60.0	220.0	193.0	102.0	134.0	120.0	127.0	171.0	186.0	75.0	79.0	191.0	71.0	95.0	116.0	310.0	216.0	314.0	138.0	240.0	177.0	66.0	144.0	136.0	298.0	46.0	136.0	115.0