Eigvals	93
4.97721549111	1.78471308716	1.24901891123	0.974557624745	0.655724635278	0.476617181556	0.360636218445	0.291514346873	0.244654503625	0.203678217775	0.171767656291	0.149906269159	0.140631869572	0.126572414769	0.10915621773	0.103050806531	0.0931932479399	0.0885023599198	0.0750872504233	0.065855092276	0.0643651249308	0.062298626089	0.0551797566404	0.0506775851136	0.0487716573247	0.0463007832234	0.041548324677	0.0381402062053	0.0354433541666	0.0311393553968	0.027626409856	0.0247173866989	0.0226415266887	0.0219443886519	0.0199507883165	0.0172051090131	0.0164567632071	0.0149478409785	0.013020206495	0.0117871261641	0.010838691823	0.0087471020773	0.00818048158177	0.0068544677938	0.0057399717071	0.00548420670072	0.00340621474285	0.00236533827474	0.00194787119596	0.000930798408625	0.000647098330388	0.000186558858778	0.0	0.0	0.0	0.0	0.0	0.0	0.0	0.0	0.0	0.0	0.0	0.0	0.0	0.0	0.0	0.0	0.0	0.0	0.0	0.0	0.0	0.0	0.0	0.0	0.0	0.0	0.0	0.0	0.0	0.0	0.0	0.0	0.0	0.0	0.0	0.0	0.0	0.0	0.0	0.0	0.0

Proportion explained	93
0.381058724109	0.136638747732	0.0956256673138	0.0746127399385	0.0502026872921	0.0364901088604	0.0276105339448	0.0223185203207	0.018730901478	0.0155937314614	0.01315063896	0.0114769175182	0.010766863698	0.00969046306419	0.00835706815005	0.00788963405846	0.00713493322099	0.00677579590675	0.00574872675179	0.00504190696256	0.00492783413278	0.00476962169181	0.00422459660418	0.00387990754244	0.0037339885215	0.00354481685832	0.00318096566616	0.00292003798908	0.00271356531398	0.00238404848218	0.00211509517927	0.00189237855094	0.00173344941309	0.00168007608993	0.00152744480412	0.00131723388316	0.00125994006124	0.00114441603375	0.000996835134719	0.000902429735065	0.000829817010027	0.000669683593805	0.000626302775058	0.000524782331932	0.000439455816015	0.000419874287513	0.000260781926415	0.00018109177444	0.000149130234363	7.12625070438e-05	4.95422520064e-05	1.42830626531e-05	0.0	0.0	0.0	0.0	0.0	0.0	0.0	0.0	0.0	0.0	0.0	0.0	0.0	0.0	0.0	0.0	0.0	0.0	0.0	0.0	0.0	0.0	0.0	0.0	0.0	0.0	0.0	0.0	0.0	0.0	0.0	0.0	0.0	0.0	0.0	0.0	0.0	0.0	0.0	0.0	0.0

Species	0	0

Site	93	93
s28504	0.55597241715	0.344747511728	-0.077709732781	-0.08840529024	0.00457153071867	-0.0330430286742	0.0460516854015	-0.0709004366846	0.0466785347268	-0.00575653233838	0.0299849136124	0.0414296836837	-0.0284931039022	0.0342656341015	-0.00238081050111	0.0311282932662	-0.0306449447944	0.0431873907415	-0.0395232106891	0.00676259836669	-0.00229198337776	-0.0142241973082	0.0104977064247	-0.01043160096	0.0144148043187	0.000734588363444	-0.00250197532525	-0.00228496865728	-0.000384184237251	-0.00304356615396	0.0255010189456	-0.0218969615296	-0.0199951424104	-0.00394879796106	0.0215469776564	0.0062174007586	0.00435767551904	0.00779656422638	-0.0308875726275	-0.00264820062384	-0.00392901642843	-0.00626124363298	-0.00230079304999	-0.000928985714076	-0.00654096321001	-0.0150568882549	0.00151804214716	0.00353658051313	0.00169865239873	0.00119884739838	0.00177776456261	0.000415454253962	0.0	0.0	0.0	0.0	0.0	0.0	0.0	0.0	0.0	0.0	0.0	0.0	0.0	0.0	0.0	0.0	0.0	0.0	0.0	0.0	0.0	0.0	0.0	0.0	0.0	0.0	0.0	0.0	0.0	0.0	0.0	0.0	0.0	0.0	0.0	0.0	0.0	0.0	0.0	0.0	0.0
s29753	0.178436279805	-0.0554050277907	0.178753721374	0.0992860340611	-0.0576857506835	-0.0558147571064	0.277181513086	-0.057557149875	-0.134889485199	-0.00994098528612	-0.0627409267644	0.0651863975436	0.00220279784116	0.0586808497009	0.0321227054169	-0.0389295502682	-0.0104347000666	0.0213633082608	0.0266521454711	-0.0143655703934	0.00021869045958	-0.0186340642673	-0.0101893144364	0.00435940410609	-0.0114517789184	-0.00124524772496	-0.00985386100295	0.000170141665343	-0.0087086195766	-0.000325325714734	0.00765351032777	0.00265138103445	0.00782083445276	-0.0148181204032	-0.0085278826066	0.000663934290782	-0.00140760225635	0.00612736160169	-0.00479457495408	-0.00515854035401	-0.00157519714352	0.00215688699955	-0.00615425650889	0.00609810755051	-0.000950348513697	0.00122650672921	-0.00105735510409	0.000689169312297	0.0015034330232	0.000245844847683	-0.000213464097052	-0.000132217527932	0.0	0.0	0.0	0.0	0.0	0.0	0.0	0.0	0.0	0.0	0.0	0.0	0.0	0.0	0.0	0.0	0.0	0.0	0.0	0.0	0.0	0.0	0.0	0.0	0.0	0.0	0.0	0.0	0.0	0.0	0.0	0.0	0.0	0.0	0.0	0.0	0.0	0.0	0.0	0.0	0.0
s31166	0.217563155249	-0.077475375307	0.0333892114095	0.0414492581067	-0.000589669237646	-0.00730807203476	-0.0209781925899	0.0471278374531	0.0248022123315	0.0062366680405	-0.00412604505328	-0.0116851931957	0.0491103328149	-0.0775090669451	0.0577331397252	0.0412281507964	0.0131196327579	-0.013036333382	0.00266319643556	-0.00399234814999	0.00160363682308	-0.00244266860644	0.00633371752426	0.0305505200797	-0.0205855913449	-0.0122435305319	0.0137781439466	-0.00492151542389	0.0318183135177	-0.0360056229399	-0.0443548265557	-0.023738573006	0.0220715486996	0.0216141226031	0.0220202168308	0.0142901639833	-0.0287233672581	-0.0114023112341	0.00827469430929	0.00751166442745	-0.00797990277867	-0.0113974252088	0.00178867742298	0.00516629105939	-0.0130485631544	-0.0069830570874	0.00757149729938	0.00713765804204	0.00472631025505	-0.000427167249263	-0.00281028305527	0.000405064827557	0.0	0.0	0.0	0.0	0.0	0.0	0.0	0.0	0.0	0.0	0.0	0.0	0.0	0.0	0.0	0.0	0.0	0.0	0.0	0.0	0.0	0.0	0.0	0.0	0.0	0.0	0.0	0.0	0.0	0.0	0.0	0.0	0.0	0.0	0.0	0.0	0.0	0.0	0.0	0.0	0.0
LP17_F	-0.112958882526	0.0363286705279	0.134118742866	-0.0231170627297	-0.0936588180962	-0.0762778027855	-0.0527125406073	0.0958926498207	0.0182656648883	-0.0515651289433	-0.0269844822072	-0.00497714470719	0.00298561391312	-0.00813111635785	-0.00751972302179	-0.0892116852773	-0.0107399092296	0.00773393131487	0.0112402153065	0.0459689820738	-0.0968856671023	0.026247794614	0.025097438867	0.0200847052867	0.0491697980023	-0.0680017043576	0.0196370359623	0.00128161685068	0.00185331240192	0.0292174599387	-0.00758386149468	0.00873377722092	0.0139239541214	-0.00257396898755	-0.004490816291	0.00109809680688	0.0197227891814	0.00373105308613	0.00297550365412	0.0151979361979	0.00911679848329	2.08630887053e-05	0.00593080797051	0.00581899254691	0.0089244818287	-0.000418065596074	0.000390937975373	-0.0022075503493	-0.000255955442015	-0.000878792888827	0.00354917373171	-0.00060867228364	0.0	0.0	0.0	0.0	0.0	0.0	0.0	0.0	0.0	0.0	0.0	0.0	0.0	0.0	0.0	0.0	0.0	0.0	0.0	0.0	0.0	0.0	0.0	0.0	0.0	0.0	0.0	0.0	0.0	0.0	0.0	0.0	0.0	0.0	0.0	0.0	0.0	0.0	0.0	0.0	0.0
LP09_F	0.165023317143	-0.0188586702795	0.136659425525	-0.00659075309614	0.119356000795	0.0278699327538	0.00337031782983	-0.0576536785215	0.0449589540792	-0.0539527512928	-0.0297095521501	0.0462880341244	0.00420893464696	0.00197499045434	-0.0347559490712	0.00453850028342	-0.0117638712706	-0.00949499889321	0.010387676869	0.0252836219929	-0.0721974400496	-0.0252986931839	0.0128234344649	-0.0180129516977	-0.0234120764456	-0.00157708091159	0.00603774305945	0.00525928256138	0.0180413728936	0.00399522793127	-0.0116781925838	0.0130207837621	-0.0146302162761	-0.0028092218493	0.0183261146941	0.00198841873972	-0.0198319756181	-0.00448240548917	-0.00723720549545	0.0257999006679	-0.00468216948009	-0.0218046014365	-0.00679357002574	-0.0039860056614	0.0110188702501	-0.00099430569157	0.00221628731125	0.00501998276535	0.00265486100294	-0.00728926071409	0.000871815413036	-0.000894223246769	0.0	0.0	0.0	0.0	0.0	0.0	0.0	0.0	0.0	0.0	0.0	0.0	0.0	0.0	0.0	0.0	0.0	0.0	0.0	0.0	0.0	0.0	0.0	0.0	0.0	0.0	0.0	0.0	0.0	0.0	0.0	0.0	0.0	0.0	0.0	0.0	0.0	0.0	0.0	0.0	0.0
s26891	0.0337900828027	-0.104259596462	-0.0230471661989	0.0278010322121	-0.0410279132237	0.0785006835162	-0.00874315461011	0.070144366955	-0.014627267534	0.0364857617593	-0.00163653276852	0.0385847211411	0.0897073403054	0.0557185840507	0.0341362166667	0.0434270892241	5.05253970984e-05	0.0253655408723	0.0240911517142	-0.00765141962778	-0.018166547138	-0.00834776855036	-0.0423649980092	-0.0329288326568	0.0112461924221	-0.0416500569478	-0.0577244395983	0.00834323101529	0.00176948384147	-0.0084465297106	0.014562921089	-0.0467404710777	-0.00958907368271	0.0302294867035	0.00903205377282	-0.0135648495987	0.0150033275666	-0.00861365240359	0.0235308007047	0.00520190359612	-0.00208503957053	0.00442934356424	0.010519608029	0.000849325502093	0.00635239095003	-0.00428165452516	0.0047913008422	-0.00549116027654	0.00185821923535	-0.00330648765478	-0.00014394452769	-0.000798993721314	0.0	0.0	0.0	0.0	0.0	0.0	0.0	0.0	0.0	0.0	0.0	0.0	0.0	0.0	0.0	0.0	0.0	0.0	0.0	0.0	0.0	0.0	0.0	0.0	0.0	0.0	0.0	0.0	0.0	0.0	0.0	0.0	0.0	0.0	0.0	0.0	0.0	0.0	0.0	0.0	0.0
s31407	0.524687289277	0.325459105913	-0.0987162054133	-0.083521531348	0.00521560389816	-0.0303580435017	0.0445435312602	-0.0604271775224	0.0237738633303	0.00232196292993	0.00388637926514	0.0233263395483	-0.000436604905924	0.0040190178098	-0.00145150713332	0.028002640334	-0.0026140415294	0.0234188571587	-0.0432943893624	0.00489391347954	0.0284006519696	0.0143467270371	0.0215669234548	-0.0152814865344	0.0262189174004	-0.0108701602345	-0.0196117440039	-0.00626022376612	0.00183947700514	0.0173049141083	-0.0196145943626	0.0240476581868	0.0108360682071	0.00697169673251	-0.000732195953227	-0.00925317728161	0.0148920485675	0.00912144184422	0.0311052500531	-0.0041956432556	-0.00288616947695	-0.00096540937011	-4.69671766952e-05	0.00728062227081	0.0111926040416	0.0172019960611	0.00115662559932	-0.00533791647106	-0.00147987292333	-0.00399967069333	-0.00218436486365	-0.000245463742208	0.0	0.0	0.0	0.0	0.0	0.0	0.0	0.0	0.0	0.0	0.0	0.0	0.0	0.0	0.0	0.0	0.0	0.0	0.0	0.0	0.0	0.0	0.0	0.0	0.0	0.0	0.0	0.0	0.0	0.0	0.0	0.0	0.0	0.0	0.0	0.0	0.0	0.0	0.0	0.0	0.0
s12389	0.455975114251	0.33926880076	-0.0774233470522	-0.0824835172722	-0.0428891543242	0.0585427640119	0.00227869417933	-0.0759261112273	0.0179196283902	-0.0162853419238	0.0383817116019	-0.0165513666565	0.0268231966952	0.0516837785644	0.0151880910798	-0.0230827618117	0.00211342231395	-0.00147765910859	0.0404963930988	-0.0502697195062	-0.0110493320388	0.00370185985281	-0.0093471345976	-0.00178019684436	-0.0253770762682	0.00101729965069	0.0351496959257	0.00816012319392	-0.0131572892187	2.00421456983e-05	-0.00187529179844	-0.00875328203319	0.0105316563768	0.00024689201389	-0.00664971232722	0.00536481990154	-0.0173091079941	-0.0117967950278	0.0104140698763	0.00162739408623	0.0132497896237	0.00578557079913	-0.007934631337	0.00596478552273	-0.00149663779776	0.0102407929227	-0.000106786165033	-0.00615845639182	0.000675084557791	0.0021506232269	0.00256641094206	-0.000122680892274	0.0	0.0	0.0	0.0	0.0	0.0	0.0	0.0	0.0	0.0	0.0	0.0	0.0	0.0	0.0	0.0	0.0	0.0	0.0	0.0	0.0	0.0	0.0	0.0	0.0	0.0	0.0	0.0	0.0	0.0	0.0	0.0	0.0	0.0	0.0	0.0	0.0	0.0	0.0	0.0	0.0
s29745	-0.060957451098	-0.150911633609	-0.0879151329345	0.0464983063508	-0.0681564457829	-0.0481976651406	0.029726879385	0.027783034593	0.0340942358889	0.0643569018103	0.0141271465495	-0.0268522828773	-0.0641040608138	-0.00411989727093	0.0123438300562	-0.00897885179881	-0.0032970374862	0.00484294777909	-0.0443963067255	-0.0526126764937	-0.0127415507064	0.0186770597543	-0.00752717850888	-0.00455973130146	-0.00795137829791	0.0151760729717	0.00113389272987	0.0453778231533	-0.0250892667352	-0.00624352805177	0.0274190605255	0.00851594905504	0.0152292558452	-0.0321139082759	0.0175490451341	0.000588648453942	-0.00732055661472	0.00987309501233	0.00686269856609	0.0153313890537	-0.0134514330481	-0.012498657	0.00289813800372	-0.0158361557239	-0.0120521225581	0.0141552507895	0.00472986742142	0.00142025714206	0.00637787362651	-0.00294843843209	0.00316144754578	-0.000188768425052	0.0	0.0	0.0	0.0	0.0	0.0	0.0	0.0	0.0	0.0	0.0	0.0	0.0	0.0	0.0	0.0	0.0	0.0	0.0	0.0	0.0	0.0	0.0	0.0	0.0	0.0	0.0	0.0	0.0	0.0	0.0	0.0	0.0	0.0	0.0	0.0	0.0	0.0	0.0	0.0	0.0
sAI_9042	0.203216617276	-0.0841402971814	0.0162270272858	0.0179723821657	0.0968819468706	0.0740853964484	0.0131969629447	-0.041623841393	0.0817031142174	-0.00594689842845	-0.0990776099962	-0.0129537281252	0.01972675041	-0.0149489090729	0.0579505830288	-0.0599785082226	0.011514591068	0.00913350445045	0.0149052382162	0.0143953482603	0.0106079312556	0.0128115767069	-0.00256610125126	-0.00633745070488	0.0193267698283	0.0108258051558	0.0124756607053	-0.0234942732789	-0.0222507380666	0.00826176255216	-0.0203133375505	0.00592631022213	0.00279226964153	0.022097174458	0.00802151728277	-0.00574040199444	0.0153383473378	-0.0115611425485	-0.00360723317903	-0.0044516309648	0.00214185684166	-0.00189897179678	0.00375113280551	-0.0102335701475	-0.0104595114861	0.00498921098775	-0.00563360573706	0.00107800043401	-0.00139772794235	0.00246657547518	-0.000307232719169	-0.00127268830376	0.0	0.0	0.0	0.0	0.0	0.0	0.0	0.0	0.0	0.0	0.0	0.0	0.0	0.0	0.0	0.0	0.0	0.0	0.0	0.0	0.0	0.0	0.0	0.0	0.0	0.0	0.0	0.0	0.0	0.0	0.0	0.0	0.0	0.0	0.0	0.0	0.0	0.0	0.0	0.0	0.0
s10852	-0.0357357789342	-0.194041718103	-0.092421065003	0.0838027824902	-0.0677915674031	-0.074053720325	-0.0280836171088	-0.080090322643	-0.0427985689563	0.0249507919547	0.0592088668617	0.0101860949664	-0.00734121620591	0.000843727065984	0.0510978374661	0.0146929140728	0.0450076049856	0.00793791872384	0.00373498528321	0.0404434693521	0.00891664915202	-0.00907392130295	0.0370755113587	-0.0120533984856	0.00645937316654	-0.0262961236079	0.00303253698338	0.0271080665682	0.00215932190066	-0.010567924743	0.010753676112	-0.000651586457953	0.00794105887323	0.00775353266662	0.0132399276971	0.0169723119849	0.00390464397458	-0.0164689041501	-0.00966711539243	0.00976294007431	0.00757123416538	0.00472287523811	-0.0117036425027	0.00653596455283	0.000228135877027	0.0133184172907	0.000332479910693	-0.00592902953985	-0.00374835096588	0.00185245421313	0.00110947570985	0.00367694446234	0.0	0.0	0.0	0.0	0.0	0.0	0.0	0.0	0.0	0.0	0.0	0.0	0.0	0.0	0.0	0.0	0.0	0.0	0.0	0.0	0.0	0.0	0.0	0.0	0.0	0.0	0.0	0.0	0.0	0.0	0.0	0.0	0.0	0.0	0.0	0.0	0.0	0.0	0.0	0.0	0.0
s31716	0.0894062910146	-0.151932581594	0.155167571639	-0.0524219604307	0.0818576090496	-0.0282099018302	-0.0254650936531	0.0658569725113	-0.00395054412658	-0.136197937786	-0.0280772360108	-0.0796329994338	-0.0527861987694	0.0682495398131	-0.0107497547979	0.02880411234	0.0116992964772	-0.0127535286837	-0.0478054857695	-0.0441553264083	-0.000102705488625	0.0236026050133	0.0276303576568	-0.0103958517173	-0.00747843765466	-0.0419128900047	-0.0078752667871	0.0326323687589	0.028561263822	0.000942779616206	0.00834916423979	0.00126963758186	-0.0172934662696	0.00486043064551	-0.0036706089987	-0.00964629669881	-0.0109944299694	-0.0181832971156	-0.000212530498727	-0.000202762120237	0.0122503170887	0.0125713549687	0.0103888817007	-0.00543852522492	-0.00627739527829	0.00440011157932	-0.00383583521997	0.00429364054209	0.000791323000998	0.00167432639605	0.000169805615241	0.00101372086427	0.0	0.0	0.0	0.0	0.0	0.0	0.0	0.0	0.0	0.0	0.0	0.0	0.0	0.0	0.0	0.0	0.0	0.0	0.0	0.0	0.0	0.0	0.0	0.0	0.0	0.0	0.0	0.0	0.0	0.0	0.0	0.0	0.0	0.0	0.0	0.0	0.0	0.0	0.0	0.0	0.0
s32109	0.456282516952	0.256348076849	-0.142375003098	-0.0905371006422	-0.00376592348416	-0.00655696467207	0.0106262336805	-0.0147043872133	0.0122393140547	0.015211822953	-0.0260617716147	-0.0113207957071	-0.0266366079917	-0.0096274333322	0.0180753905924	0.0136450444046	0.0517994324838	0.0144056514207	-0.0220893284557	-0.0108213066599	-0.00040966386046	0.0316786762798	-0.0239348963627	0.0327985775946	-0.00677454195538	0.00844405357419	-0.0177120294604	0.0216423722406	0.0147074124114	0.0130463472436	-0.0226343407076	0.0175268709542	0.00561006556983	0.00448991974304	-0.0200992184501	0.0109224417973	0.000529021612556	-0.0223165676257	-0.00110697775673	0.000284546975249	0.00831222951078	0.00691714506927	0.0151620292433	-0.0076425119007	-0.00435659041878	-0.0105649729232	-0.00252876589217	0.00772210574578	0.000236597703437	-7.88264212571e-05	-0.00162829258562	-0.000784066952414	0.0	0.0	0.0	0.0	0.0	0.0	0.0	0.0	0.0	0.0	0.0	0.0	0.0	0.0	0.0	0.0	0.0	0.0	0.0	0.0	0.0	0.0	0.0	0.0	0.0	0.0	0.0	0.0	0.0	0.0	0.0	0.0	0.0	0.0	0.0	0.0	0.0	0.0	0.0	0.0	0.0
LP13_F_REDO	-0.124039148185	0.209419497291	0.267566990375	0.140532273749	-0.110385516948	-0.163820957557	-0.0820230266898	0.0552663406738	0.0984722446502	0.0687899643538	-0.091129458828	0.0894692437294	-0.118670661717	0.0393337367571	-0.01531625596	0.0408303972354	0.0402193171266	-0.0612114594739	0.0299673474966	-0.031422491116	0.000151819402855	-0.06790808098	0.0405064000903	0.0454313253922	0.00193987884548	0.00123991583542	0.00618579242384	-0.0234237829577	0.008695458154	0.000108601226714	0.00574906988227	-0.0105725566878	-0.00331333141072	0.000207553623858	-0.00416222393339	-0.0121366184572	0.00260331455646	-0.00591048432618	-0.00757050518914	-0.000920659450018	0.0089579617485	0.00169675130257	-0.0105841556846	0.00362929935456	6.76722176259e-05	0.00163789165086	0.00200749090635	-0.00198467433806	0.000553807065133	-0.0015847737424	-0.00118109566635	-0.000649978316831	0.0	0.0	0.0	0.0	0.0	0.0	0.0	0.0	0.0	0.0	0.0	0.0	0.0	0.0	0.0	0.0	0.0	0.0	0.0	0.0	0.0	0.0	0.0	0.0	0.0	0.0	0.0	0.0	0.0	0.0	0.0	0.0	0.0	0.0	0.0	0.0	0.0	0.0	0.0	0.0	0.0
s31761	0.235196469137	-0.0508035884567	0.0785980005706	0.0520473558493	0.115731772902	0.0340983146028	0.0356669354142	-0.00673824249182	0.0619887983602	0.0183519003879	0.0110829583487	0.0169133183539	-0.0152344037982	-0.018947342666	-0.00418238885187	-0.0351932909581	0.0163751219846	-0.0105824809409	0.00939725134443	-0.0121539114963	0.00689586124409	0.0346153373941	-0.0160347667574	0.0345730440065	0.0135631939972	-0.0166172730094	-0.0086241068114	0.00419681751585	-0.00901465779214	-0.020927860518	0.00101133141849	0.0107386842044	-0.00121157386808	0.00311022687025	-0.0138496632604	-0.00207358554882	-0.0182822229995	0.0236256208632	0.0112029819911	0.0205664171349	-0.0072880343587	0.0241759912015	5.62265369764e-05	0.00934446487315	0.0115855203507	0.00887547123543	0.00633820888115	-0.00272721408839	-0.00841663838494	-0.000979906089452	0.00525210538151	0.00428549046164	0.0	0.0	0.0	0.0	0.0	0.0	0.0	0.0	0.0	0.0	0.0	0.0	0.0	0.0	0.0	0.0	0.0	0.0	0.0	0.0	0.0	0.0	0.0	0.0	0.0	0.0	0.0	0.0	0.0	0.0	0.0	0.0	0.0	0.0	0.0	0.0	0.0	0.0	0.0	0.0	0.0
LP05_F	-0.23243133099	-0.0697853806012	0.0203607660812	-0.250924563887	-0.0652995024373	0.0434827189875	0.0131963386446	-0.0269807878686	-0.00422244454524	0.0944797878814	-0.00530921932292	-0.104674282324	-0.026910125053	-0.0205640739923	-0.0223289454729	-0.042578677618	0.041960132568	0.00166730743869	-0.017242196529	-0.0138243959723	-0.0156228689803	-0.0347261018395	-0.0346809398285	0.0120995467363	-0.0072109693594	-0.0119528322791	0.0226121826371	-0.00984875507482	-0.0280571503841	0.0344622127133	0.0232667149088	-0.0255718715995	0.0133341114066	0.00124933374161	-0.0167602425275	-0.00145558092879	-0.0100075951237	-0.00679148688306	0.0154743381736	0.00343484352307	-0.000479672060401	-0.00324052718364	-0.00382662120107	0.00319310587752	-0.000912265048359	-0.00663182499229	-0.00568875345205	0.000879227411158	-0.00100643982251	0.00155879925293	0.00162069173429	-0.000985187613481	0.0	0.0	0.0	0.0	0.0	0.0	0.0	0.0	0.0	0.0	0.0	0.0	0.0	0.0	0.0	0.0	0.0	0.0	0.0	0.0	0.0	0.0	0.0	0.0	0.0	0.0	0.0	0.0	0.0	0.0	0.0	0.0	0.0	0.0	0.0	0.0	0.0	0.0	0.0	0.0	0.0
s32186	-0.104679879692	-0.162727855456	-0.088405083957	-0.0615477086815	-0.096035894856	-0.0374186575978	0.000844712125981	-0.0149157964857	0.0650005460596	-0.0576628156905	-0.00233323507219	-0.0145773073463	0.0324099034971	-0.0150139709369	-0.0150505112325	-0.0102268350705	0.001904285783	-0.052451810097	-0.0236918595206	-0.0615402921524	0.00396290966049	0.0390752448625	0.0213785486548	-0.0635178779244	0.00614666024069	-0.044526636289	-0.0169817207255	-0.0374036612698	0.0412625895683	-0.00770595361675	0.0301556987103	-0.00708966914465	0.0127976199287	-0.0113542832839	0.000735815115881	0.00124386836148	-0.00484769761905	0.00108142414889	0.00161840114012	-0.0051457395268	-0.00401817018179	0.00497159848601	-0.0127864634351	0.000247496956993	-0.0113892307203	-0.00896693153274	0.000474852191301	0.00164671195726	-0.00209478442383	-0.000134213659044	-0.000641595611361	0.000215295950436	0.0	0.0	0.0	0.0	0.0	0.0	0.0	0.0	0.0	0.0	0.0	0.0	0.0	0.0	0.0	0.0	0.0	0.0	0.0	0.0	0.0	0.0	0.0	0.0	0.0	0.0	0.0	0.0	0.0	0.0	0.0	0.0	0.0	0.0	0.0	0.0	0.0	0.0	0.0	0.0	0.0
LP18_F	-0.345553916298	0.175721125313	0.198610601792	-0.14839145085	-0.0161627438718	0.132081796349	0.0380995647509	-0.0979851604803	0.00555930751908	-0.0690679642623	0.0999186225499	-0.0177639403942	-0.0805789903557	-0.0249367300849	-0.0492155942476	0.0342246961201	-0.0319580805538	0.000806078419949	-0.00115037436069	0.0103372200431	-0.00200434557746	-0.0499737792419	0.00630080049817	-0.0164190163268	-0.0154210194366	0.00328126372186	-0.0113307542056	0.0102559825803	-0.00147701505007	-0.0131894886551	-0.00512071976114	0.00315905404479	0.0109399779382	0.00798296260832	0.00899215663067	-0.00548326919007	0.0129163367772	-0.00780090234089	0.00320203324778	0.00376431374282	-0.00787519904506	0.0102206329471	0.00153563046557	-0.0111202954425	-0.00251620144738	0.00493798933547	0.00176502444811	1.66513376127e-05	0.00497118482039	-0.00193339056533	-0.001249397106	4.85954545341e-05	0.0	0.0	0.0	0.0	0.0	0.0	0.0	0.0	0.0	0.0	0.0	0.0	0.0	0.0	0.0	0.0	0.0	0.0	0.0	0.0	0.0	0.0	0.0	0.0	0.0	0.0	0.0	0.0	0.0	0.0	0.0	0.0	0.0	0.0	0.0	0.0	0.0	0.0	0.0	0.0	0.0
LP02_F	-0.410025893303	0.141086042184	0.136983263426	-0.258694517017	0.1260626183	0.0537063466839	0.0161699867599	-0.0381022091426	-0.00158573892869	0.116824843189	-0.0121597657558	-0.0277519203695	0.0498722924792	0.0508729062229	-0.0175603631604	-0.00396924963397	0.0174972144281	-0.00351353545455	0.0236439573442	-0.0398244522625	0.0048373709767	0.00562557799601	0.024737388661	-0.031388128283	0.0468271352959	-0.0123662272103	-0.000129387044733	-0.00790820991861	0.00411371175133	-0.00869948266783	-0.0147292841441	0.00334832192097	-0.00965596957176	0.0218903497202	0.0127762669318	0.0116664170086	-0.010642060956	-0.000357213989512	-0.0092689701692	-0.00693644946358	0.0112188138316	0.000921376685173	-0.00369393202955	0.0067127623259	-0.00172023149246	-0.000420151807647	0.00398001140817	0.00140324574137	0.0027446885636	-0.0017599491868	-0.0011306962046	3.27242325136e-05	0.0	0.0	0.0	0.0	0.0	0.0	0.0	0.0	0.0	0.0	0.0	0.0	0.0	0.0	0.0	0.0	0.0	0.0	0.0	0.0	0.0	0.0	0.0	0.0	0.0	0.0	0.0	0.0	0.0	0.0	0.0	0.0	0.0	0.0	0.0	0.0	0.0	0.0	0.0	0.0	0.0
s31369	0.0013196807521	-0.0516090164195	0.0363279293535	-0.0411566855308	-0.161449766428	0.246173815864	0.0458091921941	-0.020210615926	0.0228547048526	-0.0878335146274	-0.0600346600947	0.0304943162355	-0.0400487302801	-0.026667470943	0.0574816455653	-0.0154025387426	-0.00377832639499	-0.0243448738755	0.00531977383968	0.0465206320153	-5.68293993502e-05	0.0309776343303	0.0200967279793	-0.0383706858764	-0.00593998012297	0.0145910635335	0.0281168509796	-0.00721466312182	0.0118295678439	-0.00208572620853	0.00693955457223	-0.00344541619016	-0.0107797254136	0.00148920601027	-0.0101757061811	0.00805328288118	0.00958758127163	-0.00200455910804	-0.00177712398105	0.0116519777235	0.00515865583459	-0.0189063619797	0.00414242483691	0.0145412494833	-0.00103092305975	-0.00611278477143	-0.000518602462149	0.00493346575433	-0.00472886936564	-1.00008750321e-05	0.000156433704579	-1.08343227875e-05	0.0	0.0	0.0	0.0	0.0	0.0	0.0	0.0	0.0	0.0	0.0	0.0	0.0	0.0	0.0	0.0	0.0	0.0	0.0	0.0	0.0	0.0	0.0	0.0	0.0	0.0	0.0	0.0	0.0	0.0	0.0	0.0	0.0	0.0	0.0	0.0	0.0	0.0	0.0	0.0	0.0
sAI_5316	0.369568356772	-0.0696632669244	0.166678242564	0.0800443467496	0.0495912198108	-0.00669377109259	0.0712770030336	-0.0604017229112	0.115876779258	-0.013794630543	0.0550908255197	-0.02265987209	0.0353053196321	-0.0192047402233	0.0639287852632	0.042816593063	-0.00398837589895	0.0848017789467	-0.0874942741172	-0.03010339225	0.00159058291997	-0.0414911775314	0.0276542451205	0.019280102962	0.0346150815108	0.00319158123505	0.00641626495311	-0.00767822016806	0.00543013543682	0.0351683482229	-0.00131265373915	-0.00815951278573	0.000282692160393	0.00183351574547	-0.00165400821351	0.00484184221374	0.00997353502203	-0.00202557792947	-0.00264093286537	-0.00271042472493	-0.00448168875956	0.00339244725431	-0.0016107311764	0.00652797618044	0.000998757976996	-0.00272232862277	-0.000216259983494	-0.00414655419307	-0.000297009245597	0.00089384963457	0.00120207321216	-0.000803091635182	0.0	0.0	0.0	0.0	0.0	0.0	0.0	0.0	0.0	0.0	0.0	0.0	0.0	0.0	0.0	0.0	0.0	0.0	0.0	0.0	0.0	0.0	0.0	0.0	0.0	0.0	0.0	0.0	0.0	0.0	0.0	0.0	0.0	0.0	0.0	0.0	0.0	0.0	0.0	0.0	0.0
s31475	0.433521326909	0.172264601109	-0.0669383763718	-0.133130874235	-0.0555076681666	-0.0281285511615	-0.00464121515213	-0.0261338625469	0.0323882316065	-0.069457816895	0.0275667330176	-0.0464618832122	0.0504077800503	-0.00957963783617	0.00246067439663	-0.0373487695218	0.0473955222162	-0.0186692586957	-0.00873906905043	0.016152710579	-0.0260324244216	-0.038745925654	0.000692355416929	-0.00408730872939	0.0112162139467	0.00413807527961	-0.0158643167449	-0.0298932189069	-0.00466505308722	-0.00886803608084	0.00869126268061	0.00481073078661	0.00285161952419	-0.00588593633508	-0.0248361777432	-0.00225493204271	0.00881019880055	0.0157712608592	-0.0046039947063	0.00516318886752	0.0010778008127	0.0099507517089	-0.00535607916273	-0.00388028199331	0.00265105578399	-0.00494311991309	-0.00577818703181	0.00370229092907	0.00219379839236	-0.000308146779811	-0.00117210574878	0.000358914840514	0.0	0.0	0.0	0.0	0.0	0.0	0.0	0.0	0.0	0.0	0.0	0.0	0.0	0.0	0.0	0.0	0.0	0.0	0.0	0.0	0.0	0.0	0.0	0.0	0.0	0.0	0.0	0.0	0.0	0.0	0.0	0.0	0.0	0.0	0.0	0.0	0.0	0.0	0.0	0.0	0.0
s29777	0.0590473348052	-0.156595248399	-0.0347598279243	0.0855571754982	-0.0228060667423	-0.014820263695	-0.0203609168275	-0.105334316003	-0.0770544649634	-0.00676694889784	0.0119697598366	-0.0136946794704	0.0290325918713	0.0502379119249	-0.0285097487829	0.0329575096714	0.0120570319048	-0.0149604916594	-0.00553413814351	0.00882733169771	0.0156231122514	-0.0296679910229	-0.0062046557986	0.0352279440061	0.0178840034494	-0.0112331494481	-0.0214749623976	-0.030715963021	0.00857901444828	-0.00884532336263	0.013602855729	0.00202639544794	0.0236186948395	0.00627334002345	-0.017571716379	-0.000714601641129	-0.0124156034434	-0.00322368902237	-0.0133054878939	0.0225950124807	0.0177069591028	-0.0127046245655	0.0108958054618	-0.0133157711018	-0.00301326524102	-0.00231026455556	0.00226610085928	0.00973597802791	-0.00501394752873	-0.000310840995768	0.00364294917439	0.00126566930951	0.0	0.0	0.0	0.0	0.0	0.0	0.0	0.0	0.0	0.0	0.0	0.0	0.0	0.0	0.0	0.0	0.0	0.0	0.0	0.0	0.0	0.0	0.0	0.0	0.0	0.0	0.0	0.0	0.0	0.0	0.0	0.0	0.0	0.0	0.0	0.0	0.0	0.0	0.0	0.0	0.0
s27796	0.133412379758	-0.0143390297352	0.113260304961	0.0461402753778	-0.092839042059	0.189298023577	0.00400617787833	0.000556812052716	-0.0527468278285	-0.0302404667376	0.0578814847351	0.00583667270018	-0.0189490789136	-0.0192161351215	0.0346414992831	-0.0103835315851	-0.00319571978776	-0.00773916869495	-0.000709190970911	0.00102135928484	0.0251729989574	-0.0090827162433	0.00777014049217	0.0340485316598	-0.0486228223507	-0.052396228288	-0.00234485951343	-0.00539076341502	-0.00178203819489	0.0122136668993	0.000241083355278	0.00310616828205	-0.0106656608527	0.00351948227582	0.0165464103011	-9.92388643438e-05	-0.00503859988247	-0.00107314671429	0.0105519656858	0.00597793770888	0.00675899030389	0.012062846067	0.00176616719141	-0.0122341985854	0.0101141209494	0.00324550311366	-0.00267571367356	0.00278488978492	0.00172255089897	-0.000671425173273	-0.00162681794798	-0.000598137423156	0.0	0.0	0.0	0.0	0.0	0.0	0.0	0.0	0.0	0.0	0.0	0.0	0.0	0.0	0.0	0.0	0.0	0.0	0.0	0.0	0.0	0.0	0.0	0.0	0.0	0.0	0.0	0.0	0.0	0.0	0.0	0.0	0.0	0.0	0.0	0.0	0.0	0.0	0.0	0.0	0.0
s31943	-0.0112211458962	-0.0592817635277	0.00338994850635	0.0432402366509	0.0310587687717	-0.0034225918551	0.028070912025	0.0845086967573	-0.0517285114247	-0.0219232324056	0.0707178795205	0.0262328973597	-0.00931549549179	0.029700345001	0.0479704074729	-0.017213712841	0.0159642217083	-0.00503397926184	-0.000142057309271	-0.00425746531762	-0.0286250239645	0.00292407428795	0.0211909073307	0.0153848931027	-0.00670875947939	0.0303962480261	-0.00906054164971	-0.0167906517165	0.00226490968967	0.0361631892578	0.0128862121221	0.00961847752385	0.0248485640074	0.00838802072614	-0.0126491792791	-0.0115541002395	0.00895359123303	-0.0138229177574	-0.0160040512629	-0.0167106291204	-0.00816817730676	-0.0034295349002	0.00632511955993	0.00931572347235	-0.0106644878489	0.0197177971027	0.00980370633136	0.00193712411315	-0.0004116304462	-0.00413578824305	-0.00231222077567	0.000805447854543	0.0	0.0	0.0	0.0	0.0	0.0	0.0	0.0	0.0	0.0	0.0	0.0	0.0	0.0	0.0	0.0	0.0	0.0	0.0	0.0	0.0	0.0	0.0	0.0	0.0	0.0	0.0	0.0	0.0	0.0	0.0	0.0	0.0	0.0	0.0	0.0	0.0	0.0	0.0	0.0	0.0
LC12_F	-0.0749400103709	-0.0701919264753	-0.0602396293038	-0.00705420322991	0.0513008255363	0.0311858996217	0.0720143979182	0.104153063421	0.0262630450647	-0.047488181437	0.0249289305724	0.0698408897487	0.0495554655349	0.0222200066429	-0.00620545949484	-0.0114643782528	0.0607892177663	0.0326029786602	0.00377296299268	0.0287017225213	0.0125279573394	-0.0480592049922	-0.028045496256	-0.0350001925369	0.0162349808245	-0.0130912008431	0.0479233401074	-0.0236662376249	-0.00347697273093	-0.0303395373882	-0.0245110616772	-0.00389272064775	0.0129441051516	-0.0256031162844	-0.0136244591201	0.0100430250108	0.00234822585453	0.00290727248866	-0.00187330254623	-0.00715031457068	-0.00929991687297	0.00595659034719	-0.0084086268152	-0.00677403030126	-0.000404460791887	0.00678103027183	0.00847755076535	0.00352854918224	0.0114634219269	-0.00418891863287	-0.000372658725615	-0.000571946798332	0.0	0.0	0.0	0.0	0.0	0.0	0.0	0.0	0.0	0.0	0.0	0.0	0.0	0.0	0.0	0.0	0.0	0.0	0.0	0.0	0.0	0.0	0.0	0.0	0.0	0.0	0.0	0.0	0.0	0.0	0.0	0.0	0.0	0.0	0.0	0.0	0.0	0.0	0.0	0.0	0.0
s29934	-0.0571837407634	-0.109576351697	0.137529487486	-0.283273990141	0.0624776480677	-0.000903384458866	0.0640298181276	0.0315277082692	-0.0314524755464	0.0593674153835	0.0698381534775	0.0877070442772	0.0137149514765	0.01668804109	-0.00372110565107	0.0392571160166	0.0349143467511	-0.0185265660817	-0.00299294807108	-0.0200847864842	-0.014759797123	0.0597429500197	0.0475114833511	0.013847968902	-0.00398790720262	-0.0153214821271	0.0217660446257	-0.00318737683781	-0.013329984062	-0.0308662071005	0.00271071842993	-0.00788513258944	-0.013480004142	0.0113245636975	-0.0152664688553	0.0102021550205	-0.0088460772159	-0.000158918867738	0.000582046660755	-0.011541276845	-0.00461795517288	-0.0107718996313	0.0139776765207	0.00377705505535	0.0105323117829	-0.00218806317247	0.000874513844335	0.00523811581603	-0.00128152524188	-0.00179783967555	-2.19543705378e-05	0.000260443115495	0.0	0.0	0.0	0.0	0.0	0.0	0.0	0.0	0.0	0.0	0.0	0.0	0.0	0.0	0.0	0.0	0.0	0.0	0.0	0.0	0.0	0.0	0.0	0.0	0.0	0.0	0.0	0.0	0.0	0.0	0.0	0.0	0.0	0.0	0.0	0.0	0.0	0.0	0.0	0.0	0.0
LP11_F	-0.315598782768	0.195149586103	-0.0281749312973	0.103919734701	0.0555549074053	0.062225952187	0.00459038120574	0.0198440352174	0.0161055646199	0.0410034301605	-0.0182913428062	-0.0580077817223	0.0540681708531	-0.00527623061728	0.0542511300258	0.0315044032241	0.0176897082053	0.00364609877658	0.0770689817	-0.0111425980686	-0.0154944507362	-0.000600222144759	0.028529942494	-0.00427914419548	0.0067387128478	0.0231912478644	-0.0451367021229	-0.0229134293507	-0.0465429527527	0.00238771533595	0.0054366879089	0.0119628039905	0.00658054629028	-0.00571114460516	-0.00322512410728	-0.019480034343	-0.0208839899825	-0.0200681717408	-0.00545804451126	0.00635686182836	-0.0160761326477	-0.00065016014779	-0.00221240609368	0.00354881926264	0.00307567310474	-0.00541911632948	-0.00042140012572	-0.00149357791588	0.00469616367507	0.000172037962775	0.00170714878482	0.000983316133993	0.0	0.0	0.0	0.0	0.0	0.0	0.0	0.0	0.0	0.0	0.0	0.0	0.0	0.0	0.0	0.0	0.0	0.0	0.0	0.0	0.0	0.0	0.0	0.0	0.0	0.0	0.0	0.0	0.0	0.0	0.0	0.0	0.0	0.0	0.0	0.0	0.0	0.0	0.0	0.0	0.0
s32573	-0.0296805064854	-0.0845930370763	0.0600521459672	-0.246813571677	-0.0376218168054	0.0020151070877	-0.00551031105651	0.0382264675125	-0.0966340985016	0.0254235110934	0.0452869309266	-0.0111231505422	-0.0468999714856	-0.00504067351294	0.0697472548646	-0.0364569809795	0.0202098033404	0.0220107151251	0.0143336584645	0.00577577578426	-0.0325457390766	-0.0108630189125	-0.0206144369943	-0.0217350966711	-0.0273592251534	0.0133072721332	-0.0153903303193	-0.00995445026313	0.0219193335894	-0.00380903839344	-0.0140852006003	0.0114765587135	0.00268214859776	0.00723223758443	0.0235422428959	-0.000257771013495	0.00847674651521	-0.0169032595822	-0.00495994095545	0.00651306635233	0.00468510216816	0.0191248973654	-0.00658648131824	0.00403105319206	-0.00287037529071	0.00201549326822	0.00627075303954	-0.00458978098565	-0.00345635325205	0.00197761282101	0.00126994994659	-0.00021148085229	0.0	0.0	0.0	0.0	0.0	0.0	0.0	0.0	0.0	0.0	0.0	0.0	0.0	0.0	0.0	0.0	0.0	0.0	0.0	0.0	0.0	0.0	0.0	0.0	0.0	0.0	0.0	0.0	0.0	0.0	0.0	0.0	0.0	0.0	0.0	0.0	0.0	0.0	0.0	0.0	0.0
s32679	-0.18688160474	0.201512628553	0.210820440891	0.122466344988	-0.0763908962264	-0.103216290052	-0.111265117507	0.0365074605457	-0.0216272489982	0.0121933508987	0.0325863184873	-0.00765905746482	0.0804617549663	0.0496840284885	-0.0253782317424	0.000751248010855	-0.0285658554474	0.0534195555227	-0.044547341944	0.0254032823148	-0.022733807671	0.0573694428702	-0.0229604048358	-0.0148366486942	0.0254723518913	0.0400203158954	0.00176610367839	-0.0118108311842	0.0192202991544	-0.0110431019179	0.0085182424992	0.000593617322558	0.0163106951713	-0.025600836952	0.0104342414598	0.0165802351929	0.00265713034512	-0.00925286681677	-0.00452980640441	0.00903583566656	-0.00330995669605	0.0109352516362	0.00562993937066	1.03354897893e-06	-0.00148964101731	-0.000473138210829	0.00625421992075	0.00390891235538	0.0011875439934	0.00122665551011	-0.000596572258997	0.0013890100145	0.0	0.0	0.0	0.0	0.0	0.0	0.0	0.0	0.0	0.0	0.0	0.0	0.0	0.0	0.0	0.0	0.0	0.0	0.0	0.0	0.0	0.0	0.0	0.0	0.0	0.0	0.0	0.0	0.0	0.0	0.0	0.0	0.0	0.0	0.0	0.0	0.0	0.0	0.0	0.0	0.0
s29586	0.0503237357486	-0.121853237004	0.0582275258037	-0.0949027103367	0.0423501134513	0.0414011060465	-0.0513750537192	-0.0120285753856	-0.0275293754102	-0.0764435122332	-0.0333942414547	-0.00973551375871	0.0460282594191	0.0203002885342	0.0296647971019	0.0111612121526	-0.0392764438615	-0.00808204881565	0.0110709238194	0.00113626414068	0.00842490577343	-0.0241934365818	-0.0130516203701	0.0409058747378	0.00689566786278	-0.00395173879758	-0.0361462516954	0.0207689517315	0.000793294926425	-0.0116839844807	-0.00333492986043	0.000156767963884	0.0342048531703	-0.0307864793291	-0.00271931608481	-0.00540964789201	-0.0175288461946	0.00904787012978	-0.0138801465182	-0.0188193586139	0.00483981004005	0.00272974098929	0.00181240715127	0.0202646108813	0.00558085909693	0.00679483862945	0.00180604823054	-0.00086555767469	0.00366626875876	0.00325061451665	-0.00052748989646	-0.0012041296002	0.0	0.0	0.0	0.0	0.0	0.0	0.0	0.0	0.0	0.0	0.0	0.0	0.0	0.0	0.0	0.0	0.0	0.0	0.0	0.0	0.0	0.0	0.0	0.0	0.0	0.0	0.0	0.0	0.0	0.0	0.0	0.0	0.0	0.0	0.0	0.0	0.0	0.0	0.0	0.0	0.0
s22756	0.140914445727	0.0643882497844	-0.189062179586	-0.0649031186426	-0.0680220545642	-0.00969910740121	-0.0316526797401	0.0891189865955	-0.051470579252	0.0276136355848	-0.00351928968206	-0.0237102907153	-0.0168638636917	0.112427393843	-0.012318492341	0.00921023425027	-0.0611555477533	-0.0171570646519	-0.0463385678631	0.00401606535931	0.0244546041279	0.0161233442871	-0.00619470696852	0.0302518818843	-0.0468303347192	-0.0170322715069	0.0104108002057	-0.0120817723953	-0.0219531712933	0.00522919431128	-0.0245925232744	0.0249730782477	0.0204939785997	-0.0143609005863	-0.00271529043763	-0.0115825187329	-0.0105246034764	-0.00186410127943	0.00819412634098	0.0140152603665	0.00685887020367	-0.0080556873902	-0.00370627498905	0.0144662779431	-0.0033423470496	-0.00333896980054	0.00270365946983	0.00105449765998	0.0016514535503	-0.00219373126089	-0.00379119170332	-0.00123760007276	0.0	0.0	0.0	0.0	0.0	0.0	0.0	0.0	0.0	0.0	0.0	0.0	0.0	0.0	0.0	0.0	0.0	0.0	0.0	0.0	0.0	0.0	0.0	0.0	0.0	0.0	0.0	0.0	0.0	0.0	0.0	0.0	0.0	0.0	0.0	0.0	0.0	0.0	0.0	0.0	0.0
s32994	0.352250638027	0.103839400631	-0.142931331722	-0.0580459912461	-0.0253191536941	-0.00601217689581	-0.0392273119683	0.0104108577553	-0.0205430631389	0.0107709738234	-0.01283148242	0.0384104386519	-0.00797308570956	-0.0440186919401	0.00653384378996	-0.0221006358679	-0.012211798319	-0.0174295573871	0.0170852080484	-0.00127624701971	-0.0079519962795	-0.0028422972716	-0.0262467754302	0.00370671661999	0.0297495355535	0.000323813962823	-0.0102420677775	0.00683304612019	-0.00293041543249	-0.0290712865265	0.0136490071928	-0.00230868280763	0.0194221062091	0.0158410280216	0.0166841504912	-0.0175304289395	-0.0101150171518	-0.000881344400938	-0.00243387948327	-0.010348289122	-0.000851866540887	0.000302752109186	-0.0192084361644	0.00963194197865	-0.00416650114342	0.00477244092035	-0.0183868801569	0.00614777508514	-0.000439312702832	0.00501871902386	0.00214582090702	-0.0006426836268	0.0	0.0	0.0	0.0	0.0	0.0	0.0	0.0	0.0	0.0	0.0	0.0	0.0	0.0	0.0	0.0	0.0	0.0	0.0	0.0	0.0	0.0	0.0	0.0	0.0	0.0	0.0	0.0	0.0	0.0	0.0	0.0	0.0	0.0	0.0	0.0	0.0	0.0	0.0	0.0	0.0
LP20_F	-0.364027508494	0.0627851765925	-0.171471031127	0.127630384682	0.0136404666799	-0.0278843189753	-0.058919332125	-0.157661019029	0.00464592652273	0.0472978225586	0.0113061556225	0.0363208232545	0.0402822423861	0.0427676182744	0.0117989098044	-0.00816583078839	0.0275351205605	-0.057128915564	-0.00351208354776	0.0407583606876	0.0218658021788	-0.0019991156999	0.0177743628114	-0.0284931696512	0.0305663589394	-0.0183202878136	0.032698305714	0.0155431133493	-0.00315169190834	0.0231620791595	-0.000527019206503	0.00514675604663	-0.000609280180729	-0.0117660153945	0.00969215377593	0.0067642566956	-0.00479336775948	-0.0201667703115	-0.000880184463189	0.00610894719093	0.0143965961099	0.0158563837348	-0.0110799190766	-0.00805443679566	-0.00387492909748	0.00244459010692	-0.00360064403113	-0.00392341569745	0.000757811192274	-0.000605336589149	-0.00206628008132	0.000139508604073	0.0	0.0	0.0	0.0	0.0	0.0	0.0	0.0	0.0	0.0	0.0	0.0	0.0	0.0	0.0	0.0	0.0	0.0	0.0	0.0	0.0	0.0	0.0	0.0	0.0	0.0	0.0	0.0	0.0	0.0	0.0	0.0	0.0	0.0	0.0	0.0	0.0	0.0	0.0	0.0	0.0
s11367	0.161727124808	-0.072978873583	0.0337576295995	0.0693747068427	0.121712276548	0.0179432800266	-0.0242523678	0.0204441380454	-0.0149177713863	0.00113239286706	0.00223332331842	-0.0141566590956	-0.00396067793682	-0.0314823924493	-0.0164877227055	-0.00113065975586	-0.0124728317781	-0.0142375655284	0.00549281234698	-0.0123515581171	-0.0108670458271	-0.00457469704351	0.0116206560502	0.011733967231	0.0169145649926	0.0308371438214	-0.0035194750486	0.0177890372343	0.0129673171208	-0.0198195903469	-0.00138299367525	-0.00536351076601	-0.00942938663889	-0.0129799015329	-0.0234638035971	-0.0139085201434	0.0210265544216	-0.0133057524729	0.00832850016088	0.00871669638079	0.0288310914976	0.00578834610608	-0.0149253879909	-0.00563770353362	0.0178999006783	0.00336355193019	-0.00566462157086	0.013685754818	0.013940847066	0.00283543092684	-0.000669201208806	-0.0007345849798	0.0	0.0	0.0	0.0	0.0	0.0	0.0	0.0	0.0	0.0	0.0	0.0	0.0	0.0	0.0	0.0	0.0	0.0	0.0	0.0	0.0	0.0	0.0	0.0	0.0	0.0	0.0	0.0	0.0	0.0	0.0	0.0	0.0	0.0	0.0	0.0	0.0	0.0	0.0	0.0	0.0
s29404	-0.356392902798	0.120843642563	0.147112470281	-0.258349366833	0.0977796937159	-0.0425746413522	-0.0749774610267	-0.0108497921178	-0.115711868932	0.095160604327	-0.0224504183438	0.0768721921441	0.0588813140585	-0.0668727328681	0.0208438756966	-0.0084206606766	0.0155884825847	0.0227697832016	-0.0476743385085	0.00703256222563	-0.000486827989822	0.0372067453701	0.00709778072985	0.0303118537458	-0.00195473496808	0.0134818146455	0.0173308492514	0.000638227691433	0.00839872009207	0.0140501248643	0.0059118790624	0.00434555538902	-0.00253691798601	-0.0190703513318	-0.0112322420638	-0.0131611651779	0.00168293320272	0.00675573002826	-0.00696330277819	0.00463960913019	0.00092640780024	-0.00430627918597	-0.00549140522656	-0.00405500795074	-0.00118065498043	2.88298462168e-05	-0.00320847663156	0.00303017555965	-0.00152835693641	0.00217894299036	-0.000306995678525	-0.000269743656924	0.0	0.0	0.0	0.0	0.0	0.0	0.0	0.0	0.0	0.0	0.0	0.0	0.0	0.0	0.0	0.0	0.0	0.0	0.0	0.0	0.0	0.0	0.0	0.0	0.0	0.0	0.0	0.0	0.0	0.0	0.0	0.0	0.0	0.0	0.0	0.0	0.0	0.0	0.0	0.0	0.0
s33276	-0.191891853387	-0.112091091277	-0.0491594227475	-0.0783197792483	-0.141645126432	-0.0971247372194	-0.0749777418783	-0.0896584964545	0.0142373858698	-0.0686334742749	-0.00150643754805	-0.0756775936721	0.0457035962609	-0.0174800822275	-0.00119039991393	0.000510553656587	-0.00100488705952	-0.0154554812495	0.0116402251624	0.0277728547884	-0.0272303485033	-0.0136529999521	0.0119276360703	0.0555302799369	-0.00681603033221	-0.00100302974817	0.0245273036505	0.0176079304094	0.00496693865903	0.0163117111778	0.00137797806898	-0.0165089751939	-0.00300407168125	0.0155569504331	0.0170224158178	0.000133606842304	-0.00647276974415	0.0120470333656	-0.00377060618924	-0.0404161806856	-0.0188460659606	0.00523692009171	0.00471627341591	-0.00287843697342	0.00924126752441	-0.00120088565984	0.00519297835111	0.00174498233519	0.00344916736675	-0.00351057617587	-0.00106466284002	0.000488763459179	0.0	0.0	0.0	0.0	0.0	0.0	0.0	0.0	0.0	0.0	0.0	0.0	0.0	0.0	0.0	0.0	0.0	0.0	0.0	0.0	0.0	0.0	0.0	0.0	0.0	0.0	0.0	0.0	0.0	0.0	0.0	0.0	0.0	0.0	0.0	0.0	0.0	0.0	0.0	0.0	0.0
LP03_F	-0.296872622489	0.237218724362	0.0347073028708	0.103897629733	0.0632832698939	0.0676718404294	0.0616944418491	-0.0456482774795	0.041006253978	-0.0284234619971	0.0336428436824	-0.0150293743852	0.00945736385957	-0.00524779358457	-0.0260952268538	-0.0254222018935	0.0230845539117	0.0325957627884	0.0193130522284	0.0128699682941	0.0527520398719	0.0330120659026	0.0252580873495	0.0386858783397	-0.0523393112229	-0.0156417160403	0.0150349700586	-0.00712413077155	-0.00890514949205	-0.0256993824902	0.0274320310337	-0.00951417778322	-0.000477544327735	-0.00358027805233	0.00503904813378	0.00323442511132	-0.00150959210764	-0.00224070107869	-0.000419410623141	0.000436148064264	0.00718291248036	-0.00362989728283	-0.0135577553877	-0.00595664877436	0.00666666786481	-0.00318224101968	0.00848773330007	-0.0046099176648	-0.0026523051248	7.6073475681e-05	0.00238516472022	-0.00156169627619	0.0	0.0	0.0	0.0	0.0	0.0	0.0	0.0	0.0	0.0	0.0	0.0	0.0	0.0	0.0	0.0	0.0	0.0	0.0	0.0	0.0	0.0	0.0	0.0	0.0	0.0	0.0	0.0	0.0	0.0	0.0	0.0	0.0	0.0	0.0	0.0	0.0	0.0	0.0	0.0	0.0
LP19_F	-0.28580886421	0.246757758865	0.0706748095785	0.125191101743	0.114640907051	-0.0780261689897	0.0710887137758	-0.0329164345179	0.0160676421075	0.0168947218728	0.0795675373647	0.0273037631455	-0.0270181300183	0.0257323641738	0.0457791712809	0.035308242015	-0.0773596422537	-0.0427419102679	-0.0187130514975	0.0177157400264	-0.0801160169531	-0.019153986134	-0.0442024060075	-0.032059358143	-0.0344426085036	-0.0253066944891	0.0140207051141	-0.00339696622663	-0.00387755839113	0.00381621018767	0.00331162345533	-0.0120284001634	0.00888917825415	0.00453923228575	-0.00434615625832	-0.0169672495246	-0.00838139252861	0.013366438838	0.00507315908301	-0.00630923572004	-0.00529552599137	-0.00896475210035	0.00907742228636	0.00474850597293	-0.00412548509177	-0.0036099196468	-0.00632589443488	0.00122171652721	-0.00317403498111	0.00413983406777	0.00405961575788	0.000549792687092	0.0	0.0	0.0	0.0	0.0	0.0	0.0	0.0	0.0	0.0	0.0	0.0	0.0	0.0	0.0	0.0	0.0	0.0	0.0	0.0	0.0	0.0	0.0	0.0	0.0	0.0	0.0	0.0	0.0	0.0	0.0	0.0	0.0	0.0	0.0	0.0	0.0	0.0	0.0	0.0	0.0
s29848	0.142387414423	-0.0705043774468	-0.00787492438432	0.0611540020121	0.0953897618746	0.0254569933811	-0.0258544735504	-0.0173982896612	-0.0168638406169	0.00756445453807	-0.0255893285962	0.0226783739105	-0.025058514985	-0.0262722188726	-0.00849462048878	-0.00317730447486	-0.0218444852719	0.011359840725	0.00982637781593	-0.0344019344149	-0.0101020643311	-0.0106219608976	0.0152805477903	-0.0133912466479	0.0109509284547	0.0126655775534	0.0213011421891	0.0106779072384	-0.00561753691852	0.00108831036198	-0.006351280324	0.000369424207282	-0.00252339782838	0.00235773092556	0.0100184203221	0.0257756812752	-0.00471465697097	-0.00190784898379	-0.00427464195172	-0.00537477003233	0.010665619214	-0.0213291817528	0.022813317595	-0.00291336940702	0.00649366802008	0.00707476344117	0.00412679048774	-0.0132654922174	-0.000452389157487	0.00844882478254	-0.00643867722731	0.00112669856831	0.0	0.0	0.0	0.0	0.0	0.0	0.0	0.0	0.0	0.0	0.0	0.0	0.0	0.0	0.0	0.0	0.0	0.0	0.0	0.0	0.0	0.0	0.0	0.0	0.0	0.0	0.0	0.0	0.0	0.0	0.0	0.0	0.0	0.0	0.0	0.0	0.0	0.0	0.0	0.0	0.0
s11287	-0.0323229521311	-0.076250100935	0.249594050144	-0.178832341066	-0.143618741302	-0.103328790555	-0.0259433091771	0.05942217534	0.0901270732176	-0.0214991535922	-0.00752140810589	0.0851621301599	-0.068982651529	-0.00205187860436	0.0124971161413	-0.00273418866936	0.00866129067938	0.0221752266408	0.0508058803025	-0.00395151400682	0.0609578890242	-0.00975902035814	-0.0367380361461	-0.0149985639108	0.0110171844863	0.00162199717092	-0.0346850883799	-0.000179145536198	-0.00598510106656	0.0072202819307	-0.00399920842911	-0.0065965318108	0.0107674097721	0.00450760142395	-0.0131065401568	0.0126501331347	-0.00285828327027	-0.00289673407383	0.00439390029835	-0.00190478526185	0.000474456225625	-0.000230935790552	0.000571301616598	-0.000726852778472	-0.00422005867726	-0.00176415608141	-0.00253619274192	-0.00273053544939	0.000700353166339	5.76279623318e-05	-0.000383009386093	-0.000232987350959	0.0	0.0	0.0	0.0	0.0	0.0	0.0	0.0	0.0	0.0	0.0	0.0	0.0	0.0	0.0	0.0	0.0	0.0	0.0	0.0	0.0	0.0	0.0	0.0	0.0	0.0	0.0	0.0	0.0	0.0	0.0	0.0	0.0	0.0	0.0	0.0	0.0	0.0	0.0	0.0	0.0
s29396	-0.0671530285686	-0.149472070387	-0.112713395771	0.0302510072587	-0.0601716051861	-0.0343066352581	0.00732875574557	-0.0173926487132	0.00441477810834	0.0248861034893	0.0343676059532	0.0266436232404	-0.0240566590327	0.00427363158607	0.0180221330387	0.0110123143718	0.046826301209	0.00335280834644	0.000841322448812	-0.0197272176713	-0.0187667578909	0.0276336436743	-0.039007415021	0.000988610130124	-0.0332432626116	0.00592307030442	0.01398793532	-0.0148411504693	0.0057139036826	-0.000934672628736	-0.0151942211942	0.0254439029974	-0.00556415469087	-0.0136566742413	0.0302279355502	0.0120452134549	0.00398106306149	0.0254000188532	-0.0188703941933	-0.0125013147965	0.0225918510976	0.0154639524662	0.000793875800462	0.00861854484847	0.0086441859403	-0.0161436416114	-0.0142569690429	-0.00729353960765	-0.00127125627231	-0.00859434756534	-0.00223695557064	-0.000337167672636	0.0	0.0	0.0	0.0	0.0	0.0	0.0	0.0	0.0	0.0	0.0	0.0	0.0	0.0	0.0	0.0	0.0	0.0	0.0	0.0	0.0	0.0	0.0	0.0	0.0	0.0	0.0	0.0	0.0	0.0	0.0	0.0	0.0	0.0	0.0	0.0	0.0	0.0	0.0	0.0	0.0
s31686	0.172039850088	-0.0782117578848	0.0489567708678	0.0773880067686	-0.000232236048818	-0.0125317611893	-0.0906847955615	-0.0276425827079	-0.0506621420795	0.0114023738745	-0.0586310415115	0.0400243232673	-0.00819080380406	-0.0522637012446	0.0321641633412	-0.00455724609257	-0.00222968379974	0.0362126720792	-0.00999534881138	-0.0200442248988	0.00485898567983	0.00984134040802	-0.00751599368368	-0.0148812529486	0.0125451368673	-0.0111310358526	-0.000171309966863	-0.00750686847586	-0.0224364422691	0.0173168839327	0.0143577884115	0.0115385851356	0.00571343046943	-0.00582196749067	0.00970697613962	-0.0015808655561	-0.00368718754361	-0.00851294869851	0.00328794566693	0.00218967258388	-0.0212720426706	-0.011645012391	-0.00467786187042	-0.0116842731724	0.00874112880615	0.00724795405852	-0.0021093272121	-0.00132163869826	0.00392005528106	-0.00333213781653	0.00348561258312	-0.00138225556929	0.0	0.0	0.0	0.0	0.0	0.0	0.0	0.0	0.0	0.0	0.0	0.0	0.0	0.0	0.0	0.0	0.0	0.0	0.0	0.0	0.0	0.0	0.0	0.0	0.0	0.0	0.0	0.0	0.0	0.0	0.0	0.0	0.0	0.0	0.0	0.0	0.0	0.0	0.0	0.0	0.0
s29556	0.118331890546	-0.16093099101	0.246705294089	-0.225809799293	0.12576508085	0.000759618077711	-0.0284752385709	-0.0536937342376	-0.06758206958	0.0611154385294	0.00768747274099	-0.0557271681947	-0.0204879176004	-0.00117980787588	-0.0295743986125	0.0229860505186	-0.0326963984621	-0.00731846608277	-0.0151314254838	0.0164953748891	0.0246060083684	-0.0188839381155	0.00731499675107	-0.00541905641151	-0.0039946415311	-0.00157572233873	0.0107014315769	-0.0162512646923	-0.0233815738634	0.00675649543819	0.00973143848704	-0.0130304300323	-0.00330187737964	-0.00130035013024	0.00384992696826	-5.9286160767e-05	0.0105404056053	0.00736812912754	0.00498277152622	0.000114035803842	-0.00258066241559	-0.00239004818687	-0.00717189672114	-0.00241523377055	-0.00604936994451	-0.00316618942697	-0.0024549176447	-0.00232848232755	0.000447478589889	-0.000299456119779	-0.000441569705998	0.000226899586329	0.0	0.0	0.0	0.0	0.0	0.0	0.0	0.0	0.0	0.0	0.0	0.0	0.0	0.0	0.0	0.0	0.0	0.0	0.0	0.0	0.0	0.0	0.0	0.0	0.0	0.0	0.0	0.0	0.0	0.0	0.0	0.0	0.0	0.0	0.0	0.0	0.0	0.0	0.0	0.0	0.0
s30731	-0.151241249744	-0.146189174803	-0.0327850734343	-0.188004406309	-0.0532570871744	0.00115260909641	0.0398961996868	-0.000896167925454	0.0719281902434	0.00588811985409	0.00155659530663	0.0120304923718	0.0175554429928	0.00981507393664	0.0262683745886	0.0127282791509	-0.055732520594	-0.00512030460444	0.0344509582983	0.0313874501917	0.0260746355843	0.0250135245174	0.00484867866484	0.0159620817395	-0.013861779677	0.0599714251585	-0.0288752264656	-0.0290221373328	0.0196667766089	0.0260177810256	-0.00396860901883	0.000151994944927	0.0113170219039	0.00832224052643	0.000967725080838	0.00306163702239	0.0126391796077	0.0144093104431	-0.00830948026282	0.0102461275547	-0.00358765410371	0.00933571776333	0.0092395789839	-0.027264185905	-0.00306830158729	0.0104892475106	-0.00658634884552	0.00143730459813	0.00130030724159	-0.00185551566408	0.000368737977586	0.00153698721029	0.0	0.0	0.0	0.0	0.0	0.0	0.0	0.0	0.0	0.0	0.0	0.0	0.0	0.0	0.0	0.0	0.0	0.0	0.0	0.0	0.0	0.0	0.0	0.0	0.0	0.0	0.0	0.0	0.0	0.0	0.0	0.0	0.0	0.0	0.0	0.0	0.0	0.0	0.0	0.0	0.0
LC06_F	0.0157645508707	-0.095842929963	-0.0168590603942	0.0413706732793	0.0782845554695	0.0512909269772	0.036003869471	0.0886897717834	-0.0194083819863	0.0213923918891	-0.0111018312374	-0.00532300477538	-0.0143273433153	0.0596563966101	-0.0133956721716	-0.0169969771385	0.0283267575298	0.00696429827826	-0.0413794138558	0.0399593496637	0.0252862741962	-0.0446798605603	0.011097338407	-0.0117198437183	0.02661488885	0.00529350412898	-0.0336203561841	-0.010435745002	0.0210397103421	0.00972450491005	-0.0223248934676	-0.00343038679064	0.0147878647372	-0.0225043548502	0.0121887837933	0.0167038184359	-0.0374663813398	0.0123165304974	0.00998879732817	-0.0192171768185	0.0129252895891	-0.0121686858784	-0.00525371851336	-0.0235530845545	0.00920905958065	-0.00820732362226	-0.00264220738942	-0.0043936761488	-0.0058161705721	0.000813254411234	0.00475832367889	0.000359471248694	0.0	0.0	0.0	0.0	0.0	0.0	0.0	0.0	0.0	0.0	0.0	0.0	0.0	0.0	0.0	0.0	0.0	0.0	0.0	0.0	0.0	0.0	0.0	0.0	0.0	0.0	0.0	0.0	0.0	0.0	0.0	0.0	0.0	0.0	0.0	0.0	0.0	0.0	0.0	0.0	0.0
s21944	0.149359633555	-0.0813917516844	0.0266945122517	0.0606189836517	0.0985621086992	0.051936370453	-0.0200610757867	0.0115714458371	-0.00308660859407	-0.00482777562655	-0.0402860940931	-0.0234155386694	0.00866896464935	0.00163206727891	-0.00712695388881	-0.0157542792835	0.0227107160288	-0.0293826889647	0.0117228443908	-0.0627747084123	0.0357748932824	0.0200356992277	-0.00217355158981	-0.0353220483861	-0.0320066744576	-0.0235300708331	0.0155863376718	-0.0134728838881	0.0427174527737	0.0366691126824	0.0274759726627	0.0089332908966	0.0289207025686	-0.00336070899171	-0.00180913750679	-0.00726065073365	0.0147729081776	-0.00657782400441	-0.0329667490308	0.00165783582153	-0.0240130862341	-0.00471358226902	-0.00768881769682	-0.00183353156336	0.0128085620625	-0.000292777965364	0.00383961657765	-0.00140749905519	-0.00347900193244	0.00201214574257	-0.000659419452957	-0.00134737493757	0.0	0.0	0.0	0.0	0.0	0.0	0.0	0.0	0.0	0.0	0.0	0.0	0.0	0.0	0.0	0.0	0.0	0.0	0.0	0.0	0.0	0.0	0.0	0.0	0.0	0.0	0.0	0.0	0.0	0.0	0.0	0.0	0.0	0.0	0.0	0.0	0.0	0.0	0.0	0.0	0.0
LC13_F	-0.193083124424	0.0825132818767	-0.155819315238	0.0194517512391	0.0202683613537	-0.0328746306002	0.0691626639463	0.069440698038	0.00194646667772	0.00773406927364	-0.0122057126034	-0.0580947494072	-0.0695584128641	0.0006666127657	-0.0622732305514	-0.0319928183852	0.038683223922	0.0613927400046	-0.0189660546743	0.0434746819741	0.0122681172169	0.00454102317843	-0.0356957445508	-0.00420603531113	0.0109022036204	0.00964302363942	0.0267445532324	-0.00920585817788	0.0299492363569	0.0199877035526	-0.0136395448401	-0.0231398140276	-0.0274496935254	0.0254876519908	-0.0133770910527	-0.0105355026863	-0.0236299349693	-0.0099851408999	-0.0185122579006	-0.000803832248602	-0.00467378654705	0.00184142376472	0.00242589467192	0.00763823755619	-0.00199869013233	0.0110493472342	0.00825561121725	-0.000857121961316	-0.00120816962288	-0.000419092612711	0.00335795172551	-0.00262058852593	0.0	0.0	0.0	0.0	0.0	0.0	0.0	0.0	0.0	0.0	0.0	0.0	0.0	0.0	0.0	0.0	0.0	0.0	0.0	0.0	0.0	0.0	0.0	0.0	0.0	0.0	0.0	0.0	0.0	0.0	0.0	0.0	0.0	0.0	0.0	0.0	0.0	0.0	0.0	0.0	0.0
s22683	-0.0380957468084	-0.166791147323	-0.0730771722652	0.0334705057973	-0.0184936620415	-0.0521849173074	0.00365356425502	-0.0500324293116	-0.0105835917024	-0.0100121074948	0.0277865492709	0.0207484705504	-0.0113113011386	0.0097472369192	0.000115932487782	0.00504806912597	0.033650236251	-0.0168797365739	-0.0297730584828	0.0229449780033	-0.0181206407483	-0.0100465603775	0.030070868065	0.00704598674742	0.0214969944457	0.00184181828931	-0.00372983078668	-0.0171051370088	0.00780942508992	-0.0560579263612	0.0036088567894	0.0437503350185	-0.0184022094939	0.00282572129509	-0.0260943342762	0.00196617106401	0.00616020022679	-0.0112428330566	0.0210474904942	-0.0029665720308	-0.032497503129	-0.00385916620269	-0.00212490644048	0.000660828880836	-0.0152917952292	-0.0045262792006	-0.00955368321273	-0.00291859937343	-0.00423823995035	-0.000267307300107	-0.00127772746763	-0.00211511487454	0.0	0.0	0.0	0.0	0.0	0.0	0.0	0.0	0.0	0.0	0.0	0.0	0.0	0.0	0.0	0.0	0.0	0.0	0.0	0.0	0.0	0.0	0.0	0.0	0.0	0.0	0.0	0.0	0.0	0.0	0.0	0.0	0.0	0.0	0.0	0.0	0.0	0.0	0.0	0.0	0.0
LC08_F	0.0200836706832	-0.0980556300845	-0.0433440737652	0.0607836444901	0.1153149338	0.0520753194716	0.00946718186079	0.00930557053497	-0.0117403242934	0.00694281724053	-0.0342606616949	-0.00393841221872	-0.0104688778739	0.041599827574	-0.0191103552659	-0.0198824360742	-0.0339516483237	0.0466975604464	0.0185190576275	0.026817422998	0.0462735326748	-0.0039037108408	0.020450523933	0.0206678466789	-0.0017210518934	-0.00557852919962	0.0165624088113	-0.0199122543819	-0.00397355303087	-0.0184949646394	0.0142503646849	0.00382030995453	-0.0081338617776	0.00585611552407	0.0120639989468	-0.0262729544029	0.00934765255922	0.00854831133855	-0.00867129280149	0.0205516440146	0.00235164702922	0.0134005425469	0.0112364772361	0.00785871321357	-0.0207155682059	-0.00463084218315	-0.00303465658244	0.000671480047273	-0.00155721764882	-0.00499115320565	0.000893591728683	0.000203420025761	0.0	0.0	0.0	0.0	0.0	0.0	0.0	0.0	0.0	0.0	0.0	0.0	0.0	0.0	0.0	0.0	0.0	0.0	0.0	0.0	0.0	0.0	0.0	0.0	0.0	0.0	0.0	0.0	0.0	0.0	0.0	0.0	0.0	0.0	0.0	0.0	0.0	0.0	0.0	0.0	0.0
s29763	0.395785471851	0.163984049184	-0.159288542328	-0.0768935021162	-0.00885188178724	-0.00146021965692	-0.00808845896669	0.00928469601704	0.0109837927423	0.0184122396257	-0.0142697215256	0.0176369843043	-0.00603929514077	-0.0368513144224	-0.00432107280962	-0.0277963635514	0.00687724304067	-0.0146055749908	0.0149129294353	-0.00813617581349	0.0140802524436	-0.0217618896369	-0.0117343199908	0.0101434814531	0.0276243699626	0.00653917415616	0.013664266892	-0.000257019472614	0.0101497069448	0.00560354414583	0.00752813077691	0.000437138867229	-0.0102805401638	-0.0187203445425	0.00526931875553	-0.0256079547739	-0.00584446702467	-0.0102902917651	-7.04303650197e-05	0.00643348149921	-0.00298969031202	-0.00435166349573	0.0109991938206	-0.000393632185832	0.000489034417013	-0.0157344456214	0.0155409285871	-0.00124636757321	-0.00468005513386	0.00225162782736	-0.00472985621057	0.00411951363027	0.0	0.0	0.0	0.0	0.0	0.0	0.0	0.0	0.0	0.0	0.0	0.0	0.0	0.0	0.0	0.0	0.0	0.0	0.0	0.0	0.0	0.0	0.0	0.0	0.0	0.0	0.0	0.0	0.0	0.0	0.0	0.0	0.0	0.0	0.0	0.0	0.0	0.0	0.0	0.0	0.0
s26917	0.132532450781	-0.17202229753	-0.057950801905	0.0778382621991	0.0333312694191	0.013966787844	-0.0717784063632	-0.113772835328	-0.0224731878894	0.0184964328163	0.00489006316033	0.0159261862176	0.00704660490297	0.011860870245	-0.0482587452152	0.0180535651795	-0.0348812498432	-0.0340440988515	0.00227361527847	0.01456514995	-0.00962300306147	0.0149845195283	-0.0364100033482	0.0309750329739	-0.0226075646267	-0.0203327677352	-0.0156840372246	-0.0433935404365	0.0118528651749	0.0336159984428	-0.0466383157318	-0.00974266222427	-0.00973029096155	-0.00850100746969	-0.0128224322831	0.0131597172464	0.00174238843291	-0.0193754987328	0.0142942625952	-0.00189541038242	-0.0169130666283	-0.00248298923715	-0.0170915234626	-0.000281636996359	-0.00319067703226	-4.2063655312e-05	0.00311203318755	-0.00614453630325	0.00225107107559	0.00179604705783	-0.000698859284824	-0.000498666727775	0.0	0.0	0.0	0.0	0.0	0.0	0.0	0.0	0.0	0.0	0.0	0.0	0.0	0.0	0.0	0.0	0.0	0.0	0.0	0.0	0.0	0.0	0.0	0.0	0.0	0.0	0.0	0.0	0.0	0.0	0.0	0.0	0.0	0.0	0.0	0.0	0.0	0.0	0.0	0.0	0.0
LC11_F	-0.298130711743	0.00649423080484	-0.0528075429241	-0.143704004385	0.025549076682	-0.0312154075386	0.00771565260411	0.00271068721294	0.0331825909213	0.0297259110819	-0.0673910145167	-0.0175629168632	-0.0203903143916	-0.0133024931854	0.0141301091253	-0.0221867091062	-0.0809373844759	0.00814275009457	0.0110267867205	0.041175868241	0.0215569439902	-0.0516226114388	-0.0148741180544	0.00699142143408	0.0105215469167	-0.0200298547818	0.0101067812354	0.0292703126788	0.0348827153404	-0.0144173284752	0.0241572939631	-0.0073908387177	0.0132160421657	-0.0287283513315	-0.00431499566279	0.0123715060077	0.00748055981706	-0.0114794262951	0.0197355311987	0.0127490951977	-0.00728373935993	0.00351177448161	0.00742378909053	0.00413512222885	0.000312042756925	-0.0026233315557	0.00112908483152	-0.0034829462468	-0.00504414270237	-0.00144865070188	-0.0059601476099	0.00089822497076	0.0	0.0	0.0	0.0	0.0	0.0	0.0	0.0	0.0	0.0	0.0	0.0	0.0	0.0	0.0	0.0	0.0	0.0	0.0	0.0	0.0	0.0	0.0	0.0	0.0	0.0	0.0	0.0	0.0	0.0	0.0	0.0	0.0	0.0	0.0	0.0	0.0	0.0	0.0	0.0	0.0
s31219	-0.0946960086892	-0.11351409318	-0.0707955737733	0.0608935558898	-0.059031808503	-0.0433567135086	-0.0108915521561	0.0232238475943	-0.0101801025671	0.00228141783799	0.0455155267038	-0.0513734126652	0.0148582363021	-0.00120699493759	0.0230415821713	-0.0183930772818	-0.0378775889479	0.0262528818803	0.0209373620027	-0.0494585692428	-0.0261168573374	-0.055318158053	0.0268835345052	0.000137914198834	-0.00190651262932	0.0377028324427	0.0227469746197	0.0197730231415	0.0127904440922	0.00651124653182	0.000658147911781	0.0144241435184	0.0168419059757	0.045032508337	-0.034917171866	0.0241247413998	-0.00384159542095	0.0202229935061	-0.00373875412577	0.00900846641389	0.0114631542929	-0.00694448353287	-0.0127739194147	-0.00189576398304	-0.00215155531795	-0.00684719888292	-0.00393626972195	-0.00133671260068	-0.00149485538004	-0.00225294119301	-0.000626087825346	0.00141976855287	0.0	0.0	0.0	0.0	0.0	0.0	0.0	0.0	0.0	0.0	0.0	0.0	0.0	0.0	0.0	0.0	0.0	0.0	0.0	0.0	0.0	0.0	0.0	0.0	0.0	0.0	0.0	0.0	0.0	0.0	0.0	0.0	0.0	0.0	0.0	0.0	0.0	0.0	0.0	0.0	0.0
s30879	0.214840239228	-0.0664104539807	0.0931805790755	0.0695964806884	0.0421865049742	-0.0112097539822	-0.0550013261626	0.0246204578737	-0.0378147838474	0.0183415605792	-0.00557086930581	-0.0373432579404	0.00688159329385	-0.0432398567777	0.0288175841125	-0.0239277714918	0.00677103998065	0.00349880161492	-0.000560306451661	0.0166109415927	0.0189957010963	0.0246487682487	0.00615279317627	-0.00544780617268	-0.0195178763388	-0.00741898908101	-0.0133589529448	0.0111340672164	0.0215660045031	-0.000843874646333	-0.0170604549144	-0.0110936821534	-0.0229227592282	0.00303364393772	-0.0170534483018	-0.0136936138057	0.00407021832675	0.0426196832063	0.00251088107419	0.00116518265322	0.015445785283	-0.0157410546318	-0.0214070807365	0.00139025276943	-0.0191503687515	-0.00206727774819	0.00824397661123	-0.00909569149899	0.00963248606164	-0.000392969115962	0.00138520097796	0.00233629357377	0.0	0.0	0.0	0.0	0.0	0.0	0.0	0.0	0.0	0.0	0.0	0.0	0.0	0.0	0.0	0.0	0.0	0.0	0.0	0.0	0.0	0.0	0.0	0.0	0.0	0.0	0.0	0.0	0.0	0.0	0.0	0.0	0.0	0.0	0.0	0.0	0.0	0.0	0.0	0.0	0.0
s33833	-0.114832602477	-0.0906761141252	-0.164562747352	0.0227967467161	-0.0758092789637	-0.0263457294321	0.0644546809054	0.035733444167	0.0849017261773	0.0682636593061	0.00272128200141	-0.0103290950812	-0.00638559352504	0.00339705667467	0.0533855197305	-0.0118525675567	-0.0619516301505	0.00429846735258	0.00420918866654	-0.0179955955313	0.0122408130156	0.022055237431	0.0383374741045	0.00924629482959	0.00259136570148	-0.011968638693	0.0213665302033	0.0113836140545	-0.00372768592161	-0.0185935186324	-0.0515612795465	-0.0528379927621	0.00928205543728	-0.0233962716294	0.0074933205847	-0.0116445244	0.0294287419292	-0.00454005338981	-0.00551478415105	-0.004984829192	0.00237234872173	-0.000749543420502	-0.00386067201869	-0.00775553163772	0.00645650814082	-0.00352318602124	-0.00389319386029	0.0057950919339	-0.00786163348254	0.00165525399023	0.00489535282867	-0.000769505847665	0.0	0.0	0.0	0.0	0.0	0.0	0.0	0.0	0.0	0.0	0.0	0.0	0.0	0.0	0.0	0.0	0.0	0.0	0.0	0.0	0.0	0.0	0.0	0.0	0.0	0.0	0.0	0.0	0.0	0.0	0.0	0.0	0.0	0.0	0.0	0.0	0.0	0.0	0.0	0.0	0.0
LC10_F	-0.0442370566666	-0.161944659811	-0.096417951884	0.00556181068373	0.0251718377956	0.0138587404668	0.0430995699939	-0.0259708206814	0.0248550018266	0.0013614039726	-0.0574294390124	0.0023456640598	-0.0537340829025	0.071253430127	0.023370655852	-0.0582350387423	0.0291711959609	0.0426716527082	-0.0250755864616	0.0196543567343	-0.0202129771787	0.0142623934709	-0.00186856968562	0.00631302509553	-0.0250822726172	0.0102181693468	0.0157547233629	-6.91650315397e-05	-0.0125527536036	-0.0269748778687	0.0246632265357	-0.0129872586599	-0.00610173833837	0.00452078194623	-0.0174710283969	0.000682622324202	-0.0055804069856	0.0120988588125	0.0129506014878	-0.0131035579956	-0.0166137030733	-0.000499315776103	-0.00450953710156	-0.00573505657615	0.0171702272847	-0.000222847554987	-0.00244819009447	0.000774550322952	0.00431708773756	0.00483522784909	-0.00675478073451	0.00217261792139	0.0	0.0	0.0	0.0	0.0	0.0	0.0	0.0	0.0	0.0	0.0	0.0	0.0	0.0	0.0	0.0	0.0	0.0	0.0	0.0	0.0	0.0	0.0	0.0	0.0	0.0	0.0	0.0	0.0	0.0	0.0	0.0	0.0	0.0	0.0	0.0	0.0	0.0	0.0	0.0	0.0
s24010	-0.181921531811	0.0460123009809	-0.026508791886	0.0822683698107	-0.0858617799102	0.127807410905	-0.0489016675085	0.00719443829339	-0.0843191821755	0.00845435558251	0.0415212633448	0.0224506358976	0.00807741520893	-0.0789057951151	-0.0521275276759	-0.0536911628487	-0.0355843998663	0.060789580588	0.019125433879	-0.0428098769146	0.00193315415579	-0.0496048668454	-0.00780569136976	0.00159933005991	0.031430415379	-0.0390054907051	-0.00777173411188	-0.0013459646316	0.025326629112	-0.014972999336	-0.00715530034722	0.021108209016	-0.0228220058961	-0.0199674458987	0.0060377701834	-0.0177653886318	-0.0072438282882	0.00565338958494	-0.0100555519508	-0.0158784465382	-0.00477627983683	0.000256821027959	0.00528097511708	0.000546832425621	-0.00694165189676	0.00307854282148	-0.00518629611254	0.00149745999701	4.30529592402e-06	0.00164248107684	0.000223315454889	0.000382742262381	0.0	0.0	0.0	0.0	0.0	0.0	0.0	0.0	0.0	0.0	0.0	0.0	0.0	0.0	0.0	0.0	0.0	0.0	0.0	0.0	0.0	0.0	0.0	0.0	0.0	0.0	0.0	0.0	0.0	0.0	0.0	0.0	0.0	0.0	0.0	0.0	0.0	0.0	0.0	0.0	0.0
s30239	-0.105671885141	-0.151293752818	0.00953864060848	-0.136383221305	-0.0766644146986	-0.0263318693801	0.00873696004344	0.0663383487708	0.0650387913021	-0.0469536245174	0.0244640418012	-0.0420305982039	0.0665022127287	0.0103938349699	-0.0073598188862	0.0577181124191	0.0120382801038	-0.0137348754334	-0.00953014830348	-0.0117302049203	0.0308083395162	-0.0303936881083	-0.0294392145829	-0.0169658398732	0.00594300904051	0.0256759273735	0.0424018635112	0.0284048083674	-0.0259245033768	-0.016054640739	-0.00776498781014	0.0387065979975	-0.00268342527639	-0.00502069206052	0.0158182321012	-0.0191101372116	0.0195985683242	0.00341558178774	0.00164384449574	0.0109079573086	0.00685554345764	-0.0146838899235	-0.0126223289418	0.00982578042681	0.00146856649618	0.00161625245785	0.00769716511829	-0.00435622524653	-0.00294206753748	0.00227646871495	0.00115113477556	-0.0018946744699	0.0	0.0	0.0	0.0	0.0	0.0	0.0	0.0	0.0	0.0	0.0	0.0	0.0	0.0	0.0	0.0	0.0	0.0	0.0	0.0	0.0	0.0	0.0	0.0	0.0	0.0	0.0	0.0	0.0	0.0	0.0	0.0	0.0	0.0	0.0	0.0	0.0	0.0	0.0	0.0	0.0
s32025	-0.100545367247	-0.0954661445162	-0.0886453029491	0.0281076043749	0.00304058476088	-0.025871685798	0.0684707604607	0.0433179551351	0.0545298977321	0.0340718483432	0.0291838388737	0.0533303735842	0.00865023789023	-0.000972328049151	-0.0151411425409	0.00108792179686	-0.0233663993892	0.0142601756954	0.0298648658742	0.0310815505517	0.024865153776	0.00900206661109	-0.0124563134415	0.0085051391017	-0.00541020897701	0.0253137183384	-0.0114653900205	0.0257175317188	0.0381549872644	0.0425215340338	0.0377039232601	0.0361979658376	-0.00912414126711	0.024651861612	0.0245875297005	0.0128798667216	-0.0174325675654	-0.00214871812388	0.023289937253	-0.00410853557061	-0.00442678313477	0.00209134610375	-0.0160131905363	0.012923245766	0.00535340088803	-0.0144540664518	0.00390795248554	0.0130675668117	0.00226674066192	0.00481881040948	0.00237697607519	-0.000511895654881	0.0	0.0	0.0	0.0	0.0	0.0	0.0	0.0	0.0	0.0	0.0	0.0	0.0	0.0	0.0	0.0	0.0	0.0	0.0	0.0	0.0	0.0	0.0	0.0	0.0	0.0	0.0	0.0	0.0	0.0	0.0	0.0	0.0	0.0	0.0	0.0	0.0	0.0	0.0	0.0	0.0
s25149	0.258279639498	-0.0417758144616	0.187571454371	0.0990162037227	0.0348860692423	-0.0382794191167	-0.0360901801074	-0.0017787392524	0.0119921999565	0.0342851355359	0.02168487592	-0.0548635396571	-0.0232154970928	0.0202384667573	-0.0383348980266	-0.00414337709039	-0.00459858625294	0.000923008713098	0.0184977055759	0.0403715213393	-0.0158828164811	0.00904111205556	-0.00193420695448	-0.0315104014032	-0.0233031015488	0.0252314746004	-0.00191306968442	0.00814306712085	-0.00313917755638	-0.0226398986768	-0.0353065332804	-0.00320770420219	0.00333743186782	0.00850422023149	0.00865780571561	-0.0192627378943	-0.00250095175496	0.00466569820454	-0.0287857960671	0.00623902632417	-0.023425927994	0.014848003406	-0.00950533475671	0.00116558415475	0.00790485492669	-0.00079022088722	-0.00180929851857	0.00233462960774	-0.00531595046255	0.00549635802102	-0.00525520383299	0.000340019727877	0.0	0.0	0.0	0.0	0.0	0.0	0.0	0.0	0.0	0.0	0.0	0.0	0.0	0.0	0.0	0.0	0.0	0.0	0.0	0.0	0.0	0.0	0.0	0.0	0.0	0.0	0.0	0.0	0.0	0.0	0.0	0.0	0.0	0.0	0.0	0.0	0.0	0.0	0.0	0.0	0.0
s31091	0.19959772952	-0.0579344775526	0.044080376095	0.0333257371487	0.0413885791005	0.0169059276027	-0.0174864150597	-0.00528402226432	0.0127808031348	0.0253795712264	-0.00515152125295	-0.0153946392062	-0.00119197062403	-0.0549572578405	0.0350606410012	-0.00901630775667	0.0391905862377	-0.041362907418	0.0015133282371	-0.00316588867285	-0.0167065389089	-0.0239780701058	-0.0145964274945	0.00029189023451	-0.0135704080792	0.0233654704033	0.0115227289345	-0.0258911876853	0.000188318374097	0.00803928403127	0.00540311698354	0.00224884228325	-0.0105625185143	-0.0294214358514	0.0323315587913	-0.00616210353825	-0.016323023071	0.0116093527378	0.00524368322309	0.0038775554883	0.00423386794221	-0.00337599803084	0.0211866087593	0.00419677198632	-0.00214451646143	0.00559561879018	-0.00722431613952	0.00330532102922	-0.00486077854336	-0.00380859451868	-0.000680291845463	-0.000568360484034	0.0	0.0	0.0	0.0	0.0	0.0	0.0	0.0	0.0	0.0	0.0	0.0	0.0	0.0	0.0	0.0	0.0	0.0	0.0	0.0	0.0	0.0	0.0	0.0	0.0	0.0	0.0	0.0	0.0	0.0	0.0	0.0	0.0	0.0	0.0	0.0	0.0	0.0	0.0	0.0	0.0
s31202	0.209512540598	-0.0624046095683	0.0974438177987	0.0561278426246	0.122225757166	0.0324502362614	0.0401621820474	0.0179096995145	0.0636404199221	0.0286985250947	0.0391026034262	0.0353969273757	-0.00675717626119	0.00346171434664	-0.0483490621495	-0.00682133690317	-0.0259931682233	-0.00112526601444	0.0264288268792	0.0190362490723	-0.0339732731911	0.041888186061	-0.0115638850441	0.015511519962	-0.00193513552904	-9.18808752645e-05	0.00634920836047	-0.00173813562449	0.0303039433477	-0.00561393416681	0.0160217245578	0.0105997366369	0.00988587499285	0.00402919462049	0.00818101742431	0.00111956697838	0.00727821719289	-0.00526720245979	0.0111000835501	-0.0239785357338	0.0233148151815	-0.00302500862552	1.86260251884e-05	-0.00657687199532	-0.020114989712	0.0120477347517	-0.0040912493385	-0.00584713226708	0.000803386947222	0.00498590901116	-0.00134427508076	-0.00177956327476	0.0	0.0	0.0	0.0	0.0	0.0	0.0	0.0	0.0	0.0	0.0	0.0	0.0	0.0	0.0	0.0	0.0	0.0	0.0	0.0	0.0	0.0	0.0	0.0	0.0	0.0	0.0	0.0	0.0	0.0	0.0	0.0	0.0	0.0	0.0	0.0	0.0	0.0	0.0	0.0	0.0
LC02_F	-0.320133259496	0.211829549076	-0.0229317007638	0.120880777875	0.155391681465	-0.0216407536039	0.0341372703754	0.0364822332866	-0.0119520509942	-0.00762829367966	0.0376819565164	-0.000951359574637	0.012673211966	-0.0228225847131	0.0295230524808	0.00497936565945	0.00286457564653	-0.0488272072412	0.00601717064384	-0.0126155781216	0.02093451065	-0.00998032280186	-0.038062631081	-0.013514862169	0.0277030832979	-0.0222485732633	-0.00301260617365	0.0020245465376	0.00622254819652	0.027299068165	-0.0103023869338	6.04108225801e-05	-0.00911498607188	0.0240548207739	-0.0124100678036	0.00374551581419	0.00721843203782	0.0379086034121	0.00573882558551	0.0185094146318	-6.77649234383e-05	-0.00271433055905	0.00277741577075	-0.00483106946254	0.00331799691506	0.00540899626428	-3.57721876466e-05	0.00546493945498	-0.00500647009886	-0.000975216733141	-0.00680037277874	-0.00158588125703	0.0	0.0	0.0	0.0	0.0	0.0	0.0	0.0	0.0	0.0	0.0	0.0	0.0	0.0	0.0	0.0	0.0	0.0	0.0	0.0	0.0	0.0	0.0	0.0	0.0	0.0	0.0	0.0	0.0	0.0	0.0	0.0	0.0	0.0	0.0	0.0	0.0	0.0	0.0	0.0	0.0
s27321_9596	-0.14720102457	-0.15166137326	-0.0710809411137	-0.106120582484	-0.00792765865491	-0.0578170925014	-0.00562644080975	-0.127317384643	-0.00828766515151	-0.0335556852189	-0.0133652106469	0.0345025355205	-0.0744568776716	-0.00268186810437	-0.0190807314857	0.00126286266955	0.0126983471257	0.0016846179994	0.00362646273964	-0.0264750473171	-0.00301967230395	0.0260400026831	-0.0386855293125	-0.0102286940125	0.0259260848593	0.00650093031272	-0.0242694797447	0.0541126124886	0.000745439259878	-0.00480975698649	-0.039803421712	0.0139626231837	-0.00543959760236	0.00758623466254	0.00850058841424	-0.0146658288097	0.000165119163721	-0.00387157185469	-0.00592220242495	0.011582851134	-0.00354931829694	-0.00613093822967	-0.00122576366598	-0.0034245835196	0.00965342786878	-0.000852073452435	0.00372254239685	0.000307206666626	0.00133566177742	-0.00057262452783	0.00310816462828	0.000572315333501	0.0	0.0	0.0	0.0	0.0	0.0	0.0	0.0	0.0	0.0	0.0	0.0	0.0	0.0	0.0	0.0	0.0	0.0	0.0	0.0	0.0	0.0	0.0	0.0	0.0	0.0	0.0	0.0	0.0	0.0	0.0	0.0	0.0	0.0	0.0	0.0	0.0	0.0	0.0	0.0	0.0
LP12_F	0.0644384498161	0.104387110871	-0.114491600702	-0.0259508414368	0.00615936102249	-0.0211285513105	-0.0140033373089	0.10862525972	-0.125769172945	-0.0925133918023	0.0776474578413	0.0289240469198	0.000789022264135	0.075202225522	-0.022238631463	-0.0633018980721	0.0045697760114	-0.0293948534327	0.0260281987429	-0.0272351805693	-0.00273626617818	0.00298715367314	0.00665524647205	0.0274278153065	0.0238010047775	0.0137580755198	-0.00433732001055	0.00188945933875	-0.0238375424715	0.00830200837223	-0.00284045689889	-0.00921013048791	-0.0101479400762	0.0136389506465	0.0269909333341	-0.00650162920497	0.0266945925476	-0.00687399160767	0.00257842373436	-0.00132002489456	-0.00867833242631	-0.0199251176106	-0.00867148860793	-0.019152287355	-0.00043073334712	-0.0142068079301	-0.00103372168423	-0.00282768420577	-0.00409094043784	0.000933479622165	-0.00145290111008	0.000800273399968	0.0	0.0	0.0	0.0	0.0	0.0	0.0	0.0	0.0	0.0	0.0	0.0	0.0	0.0	0.0	0.0	0.0	0.0	0.0	0.0	0.0	0.0	0.0	0.0	0.0	0.0	0.0	0.0	0.0	0.0	0.0	0.0	0.0	0.0	0.0	0.0	0.0	0.0	0.0	0.0	0.0
LC03_F	-0.333695342383	0.143622474857	0.0378733437041	-0.0688602628185	0.125835529199	-0.0395317838758	0.0339722798397	0.021476649861	0.0528910256085	-0.122390749136	0.000599829712998	-0.0506705862322	0.00318985154856	0.000387523690354	0.0444941205561	0.0212002796098	0.0127457287442	-0.0508313435305	0.000935746761827	0.0222903519437	0.0225645263347	0.0320558874858	-0.028979430404	0.0124582789056	0.0222341340893	0.0073510964917	-0.0350239222642	0.0120025260927	-0.0072278288112	0.00192005166601	0.0127784502235	-0.0143432449368	-0.0222252908789	-0.0324431988008	0.00154068105923	0.00072897543314	-0.00786512006789	0.00746042305105	-0.0108794025017	-0.00937824072636	0.00331284339287	-0.00618165322439	-0.00804649143522	0.00352535845657	0.000606261447267	0.00327882940159	-0.0039115985651	-0.00370543067045	-0.000689750452725	-0.000507677477772	-0.00214637728569	5.42839504157e-05	0.0	0.0	0.0	0.0	0.0	0.0	0.0	0.0	0.0	0.0	0.0	0.0	0.0	0.0	0.0	0.0	0.0	0.0	0.0	0.0	0.0	0.0	0.0	0.0	0.0	0.0	0.0	0.0	0.0	0.0	0.0	0.0	0.0	0.0	0.0	0.0	0.0	0.0	0.0	0.0	0.0
s29780_9504	0.162721849684	-0.0992508813056	0.00390064941543	0.0659339108007	0.0831343287648	0.0208547538575	-0.0399668708409	-0.0240189454336	-0.0096015627728	0.0221090482719	-0.0223214940413	0.00274146581318	-0.00159533407784	-0.0332340144022	-0.0234094468232	-0.00482454870816	-0.0287281232751	-0.00793669044016	-0.00366663529358	-0.0115466756931	-0.0247204252728	-0.000796944841466	0.00681947242397	-0.0123211772878	0.00467459954682	0.0248387520194	-0.0216221963322	0.0324891465203	-0.0143750082957	-0.0199779284377	0.000622749774342	-0.000382642739374	0.0117890764117	0.00486779037635	-0.0236711446794	-0.0129008441201	-0.00498545891987	0.000390041753798	0.00490030668992	-0.0272206229011	0.00711386533624	0.0139958355129	-0.00543334697591	-0.0088796434172	-0.00164776040274	-0.00626025791583	0.0150832755349	0.00127146400991	-0.0197830526712	-0.00793119830407	-0.000369783590876	-0.00305754800298	0.0	0.0	0.0	0.0	0.0	0.0	0.0	0.0	0.0	0.0	0.0	0.0	0.0	0.0	0.0	0.0	0.0	0.0	0.0	0.0	0.0	0.0	0.0	0.0	0.0	0.0	0.0	0.0	0.0	0.0	0.0	0.0	0.0	0.0	0.0	0.0	0.0	0.0	0.0	0.0	0.0
LP14_F	-0.373722320228	0.0952830069718	-0.0940579314797	-5.30709773855e-05	0.0823936247631	-0.047603956079	-0.0592338708611	0.00141374240199	-0.010838272699	-0.081155093548	-0.104915369619	0.0237637333083	0.000907417450711	-0.0120567599072	0.0365839364064	0.00521456435172	-0.0523863669033	0.0586487200097	-0.0135883865428	-0.00821235124916	-0.0224572966816	0.016362267811	0.0525506197924	-0.030745695236	-0.0244038285966	0.00732467782636	-0.000884742115677	-0.0038996230342	-0.0376499382642	0.0137426956583	-0.00203662816818	0.00657556437451	-0.00663610727901	0.00883257885362	0.0082042717026	-0.00767947908781	-0.0228329526013	0.00238192906897	0.0164787459063	-0.000797050019719	0.00821319083975	0.0107791072182	-0.0150751417599	-0.00504610462067	-0.00488365378365	-0.00367427379267	0.00208610065047	0.00283342766069	-0.000992268594905	-0.000968547447081	-0.00292239315109	-0.000265372444568	0.0	0.0	0.0	0.0	0.0	0.0	0.0	0.0	0.0	0.0	0.0	0.0	0.0	0.0	0.0	0.0	0.0	0.0	0.0	0.0	0.0	0.0	0.0	0.0	0.0	0.0	0.0	0.0	0.0	0.0	0.0	0.0	0.0	0.0	0.0	0.0	0.0	0.0	0.0	0.0	0.0
LC05_F	-0.236393806018	0.178660114156	-0.0399399116495	0.0778848821662	0.0730850761476	-0.0756471592594	0.0477557666656	0.0759098621147	-0.0272406053448	-0.00218915317463	0.0304866924974	-0.0831830269894	-0.0510795478735	-0.0891290617766	-0.0155389871463	0.0333007354747	0.0446917551018	0.0532907445249	0.0160740040874	0.0336837606736	0.00927728866011	-0.00405295480028	0.0377793221029	-0.00308535775416	-0.0294527112695	-0.0248005975223	-0.0494599756811	-0.0118804753298	-0.0129464235526	-0.00554722649518	-0.00709651960314	0.0194958500587	0.016315415205	-0.01318963307	0.00758078151641	0.0217071028522	0.0252168336677	-0.0155830053283	0.00481650856223	-0.00780832519176	0.00693261091445	-0.0158779535747	-0.00117231938967	0.00841558271975	0.00554345066916	-0.00216428760289	-0.00319944858023	0.00304427849128	-0.00563781452287	0.000525732155827	-0.000113598435318	0.000906991301318	0.0	0.0	0.0	0.0	0.0	0.0	0.0	0.0	0.0	0.0	0.0	0.0	0.0	0.0	0.0	0.0	0.0	0.0	0.0	0.0	0.0	0.0	0.0	0.0	0.0	0.0	0.0	0.0	0.0	0.0	0.0	0.0	0.0	0.0	0.0	0.0	0.0	0.0	0.0	0.0	0.0
s31904	-0.219390597657	0.00403570794295	-0.0910518479033	0.043575790568	-0.11782925517	0.125047266206	0.0746754529435	0.0164117119768	0.122222338425	0.103196499492	0.0313215645584	-0.0429663401054	0.0429180735595	0.0411789059826	-0.0200020784473	-0.0119438331869	-0.0447467256707	0.00315560198655	0.0247382511625	-0.0218034683607	-0.0121989263838	0.0105439703515	0.0242972117574	0.0358327016229	0.0163437928205	-0.0192413490516	-0.0140752765109	0.0185607958703	0.0150744714629	0.00180839464471	-0.00393974069583	0.0311793879184	-0.0283559923684	-0.00962552137387	-0.00675593991643	-0.00583373251449	-0.00524849518413	-0.00343551305222	-0.0152431343848	-0.00576960500995	-0.00565223504619	-0.00733890339679	0.0047871362046	-0.00320436834574	0.00378295155622	0.00763082293947	-0.00425082485998	-0.000262848366075	0.00337318087109	-0.00238242528241	-0.00283408514571	-1.87543708921e-05	0.0	0.0	0.0	0.0	0.0	0.0	0.0	0.0	0.0	0.0	0.0	0.0	0.0	0.0	0.0	0.0	0.0	0.0	0.0	0.0	0.0	0.0	0.0	0.0	0.0	0.0	0.0	0.0	0.0	0.0	0.0	0.0	0.0	0.0	0.0	0.0	0.0	0.0	0.0	0.0	0.0
s27403	-0.0468601119266	-0.200461085424	-0.111786511962	0.0886638554838	-0.0547097597508	-0.0781339039885	-0.0106265516992	-0.107707262973	-0.0293811051249	0.0274443825723	0.0774565708704	0.017360045589	-0.0143848947109	0.00245684357762	0.0326882786396	-0.019742565366	0.0435422751912	-0.0115934636535	0.0152553217724	0.0509376601092	0.0268290740086	-0.000355984563972	0.0292205351626	-0.0312320960032	-8.26131076319e-05	-0.00621315780187	-0.0217502305266	0.0325483096988	-0.0182360922561	0.0219138094597	0.00637462370898	-0.0160470932278	-0.00488837060431	-0.00636793226507	-0.0164636598233	-0.0298154820084	-0.00245327378828	0.00452501630939	-0.00565206011883	-0.00473006263216	0.0134923934317	-0.00783275194153	0.0212115942854	0.00857986319018	-0.00452237595665	-0.00396798046642	0.00656135433519	0.00531012766907	0.00611679199895	0.00201242322574	-0.00187065587251	-0.0028587867573	0.0	0.0	0.0	0.0	0.0	0.0	0.0	0.0	0.0	0.0	0.0	0.0	0.0	0.0	0.0	0.0	0.0	0.0	0.0	0.0	0.0	0.0	0.0	0.0	0.0	0.0	0.0	0.0	0.0	0.0	0.0	0.0	0.0	0.0	0.0	0.0	0.0	0.0	0.0	0.0	0.0
LP16_F	-0.383458256908	0.045879874847	-0.0912468023117	-0.0538141475067	0.0430999589455	-0.0449963865559	-0.0834762626465	-0.0960060438664	-0.0141286129048	-0.0871545680143	-0.0313370664785	-0.00237518449293	-0.0034935781819	0.0320967162611	0.0218493228119	0.00967135382981	-0.0363361574337	-0.0060576031009	0.0264258318301	-0.0149731918132	0.0316937377654	0.00152127900782	-0.0147500380979	0.0181041908903	0.00268739256945	0.0164482487336	0.0117224942015	-0.0423657963054	0.0137757582005	-0.0232699340726	-0.00817975178908	0.0185547791562	-0.0114098364309	0.00919697419573	-0.0150424570712	0.0115675643974	0.00955674363003	0.00468920899552	0.00113926006653	-0.00758391330875	-0.000789339314888	-0.0125936520847	0.0155817714576	0.00900245612106	0.00618210945972	0.00448032056038	0.00364292543169	-0.00172924937459	-0.00200110677548	0.00355924968435	0.00806159825648	-0.000436534770621	0.0	0.0	0.0	0.0	0.0	0.0	0.0	0.0	0.0	0.0	0.0	0.0	0.0	0.0	0.0	0.0	0.0	0.0	0.0	0.0	0.0	0.0	0.0	0.0	0.0	0.0	0.0	0.0	0.0	0.0	0.0	0.0	0.0	0.0	0.0	0.0	0.0	0.0	0.0	0.0	0.0
LC07_F	0.236056134271	0.131941860332	-0.205348995953	-0.0614274883822	-0.000910895984573	0.0136706690614	-0.0614980045435	0.0465104144679	-0.046354356923	0.0326650065341	-0.0474552241118	0.00187762952473	-0.00197617009592	0.0151411006881	-0.049492866314	0.0198009640081	-0.0242848980851	-0.000726362204876	0.0401828611646	0.00809161997301	0.00889677189428	-0.0140914600536	0.0191708856919	-0.0706026313002	-0.0311343257282	-0.014147847986	-0.000927424146682	0.0225067135015	-0.00800112300408	0.00582076875347	-0.0106023664273	-0.00743006258648	0.0054858352621	-0.00997915217895	-0.0204379205495	0.0387820260656	-0.00135697961253	0.0120762731194	-0.0124694741596	-0.00660126592929	-0.00539157004398	0.00139104678974	0.00868780836989	0.00387037910561	-0.00151136268284	0.012535746049	-0.0069413771213	0.00799851288547	-0.000152962191285	-0.00148099314562	0.0017383349493	0.0005108139862	0.0	0.0	0.0	0.0	0.0	0.0	0.0	0.0	0.0	0.0	0.0	0.0	0.0	0.0	0.0	0.0	0.0	0.0	0.0	0.0	0.0	0.0	0.0	0.0	0.0	0.0	0.0	0.0	0.0	0.0	0.0	0.0	0.0	0.0	0.0	0.0	0.0	0.0	0.0	0.0	0.0
s22787	0.0868408880641	-0.120794610252	-0.00177732893652	0.0770491898558	0.0243810499384	-0.0108036744589	-0.0619875515829	-0.0110395193224	-0.0215902178061	0.00714530666085	-0.0488790034245	-0.0127392681213	-0.0367040090567	0.0191353883791	-0.0371548631636	0.024765240352	-0.00522368974771	0.00718214066631	0.00137881905068	-0.012571224547	0.0234886704815	-0.00903045166308	0.0174148728004	-0.00261068053262	0.0196105255747	-0.0226543987813	0.0168820928289	-0.0254856171769	-0.0345021766902	0.0102593500483	-0.0018246805275	0.0167672111231	0.00620735065928	0.0149963627204	0.0320007860982	0.00505262473456	0.0219434356632	0.028139810136	0.0112054096605	-0.0157167340121	-0.000758371749786	0.0165076592634	0.0131394763236	0.00706302880869	0.00183216096714	-0.00521014106952	0.00782000118852	0.0106016410697	0.00622928874251	0.00351131838393	0.00150286353745	0.000506567000462	0.0	0.0	0.0	0.0	0.0	0.0	0.0	0.0	0.0	0.0	0.0	0.0	0.0	0.0	0.0	0.0	0.0	0.0	0.0	0.0	0.0	0.0	0.0	0.0	0.0	0.0	0.0	0.0	0.0	0.0	0.0	0.0	0.0	0.0	0.0	0.0	0.0	0.0	0.0	0.0	0.0
s20844	0.124217435371	-0.0893249466394	0.000339886406477	0.0572011589533	0.108272518979	0.0332584998873	-0.0136205210536	0.0366813095564	-0.0151228202414	-0.00270632768505	-0.00744872530525	-0.00955763940244	-0.0206086454969	-0.000392706068846	-0.0212525194832	0.00412437512647	-0.0232917614001	-0.0203360646026	-0.00822840325154	-0.000919851287014	0.0161131161326	0.00607599500478	-0.0148713735664	0.00661547393156	0.0132577070068	0.0111803318554	0.0023846976191	0.0177064481397	-0.0156000170312	0.0264468493636	-0.0048171432544	-0.0192077188725	-0.0309963654938	-0.00293540774422	-0.00813268689225	0.00855330687629	0.0130089613024	-0.0245338263289	5.2163525113e-05	-0.0143642042323	-0.0112199860861	-0.00569184850881	-0.00986787426147	0.0203358706942	-0.00726498776896	-0.000886853764932	-0.0117758165948	0.00116427303918	0.00219225758133	-0.0098410397897	0.00211215043585	0.00422526637199	0.0	0.0	0.0	0.0	0.0	0.0	0.0	0.0	0.0	0.0	0.0	0.0	0.0	0.0	0.0	0.0	0.0	0.0	0.0	0.0	0.0	0.0	0.0	0.0	0.0	0.0	0.0	0.0	0.0	0.0	0.0	0.0	0.0	0.0	0.0	0.0	0.0	0.0	0.0	0.0	0.0
s27111	0.13268913038	-0.120980970166	0.016009422997	0.0334720477026	-0.0185933505025	0.00911093911958	-0.0305126873828	0.0808911672164	0.0148693367988	0.018478241263	-0.0134316049973	0.0298026571194	0.0729404364858	-0.0180395037706	-0.0134316432067	0.1153057608	0.0168939636487	0.00929684007852	0.00452365572488	0.0293788241259	0.00735185044488	-0.0147669092676	-0.0437413502874	0.00189839694181	-0.0312789229657	-0.0276628045401	0.0399001789482	0.0132515323372	-0.0153164833041	0.0126034659854	0.018804869725	0.0138497031491	-0.0147539930571	0.00157571391142	-0.0192931753332	-0.015949172724	0.0142408653817	-0.0059313866932	-0.00550233665903	-0.00993315912203	0.0037693373804	0.00027822501432	-0.00367774853299	-0.0126062922484	0.00494883284103	0.00626734730803	-0.0037776574318	0.00383276951881	-0.00850815296217	0.00355144771118	0.000710622906329	0.00233156772202	0.0	0.0	0.0	0.0	0.0	0.0	0.0	0.0	0.0	0.0	0.0	0.0	0.0	0.0	0.0	0.0	0.0	0.0	0.0	0.0	0.0	0.0	0.0	0.0	0.0	0.0	0.0	0.0	0.0	0.0	0.0	0.0	0.0	0.0	0.0	0.0	0.0	0.0	0.0	0.0	0.0
s28791	0.0456352196953	-0.107701703958	0.0194322967701	0.0789892168495	0.0249215357687	-0.00726920492933	-0.0454841196043	0.0695685656409	-0.0618859631579	-0.0258250051674	-0.00296190673851	-0.0185483985339	0.0185503689982	0.0259366010513	0.00592084183925	0.0234240970209	-0.00531482212067	0.0184806611362	-0.0257485563894	0.00435180542422	0.0234060542848	-0.0046670146165	0.00704162320695	0.0160537102311	0.0308270441283	0.019315853091	0.00580896564173	0.00998315405825	-0.00327719398688	-0.0129328326958	0.0140584843533	-0.0209489760385	-0.00819145176574	0.0229629233606	0.0124949887429	0.0103523939655	-0.0202163217266	-0.00618982371033	-0.00744783956798	0.0217014714737	-0.00458160701447	0.00371769470519	0.00643912947822	0.00767951252835	0.00928920574077	0.00413267576344	-0.0184413618222	-0.00754961737658	-0.00248085210932	0.000345274428076	-0.00164293232422	-0.00325020959021	0.0	0.0	0.0	0.0	0.0	0.0	0.0	0.0	0.0	0.0	0.0	0.0	0.0	0.0	0.0	0.0	0.0	0.0	0.0	0.0	0.0	0.0	0.0	0.0	0.0	0.0	0.0	0.0	0.0	0.0	0.0	0.0	0.0	0.0	0.0	0.0	0.0	0.0	0.0	0.0	0.0
s1624	0.156049557204	-0.0823341363427	0.0335353646383	0.0499596225967	0.0888707030441	0.0299312624644	-0.00529578317593	0.0317520825762	0.0151562951915	0.0373609834628	0.0112586256858	0.0056583509391	0.00400391468269	-0.0155521185448	-0.010782353924	0.00148611715483	-0.00846463239184	-0.0267712650597	0.0112539814341	0.00159664778726	-0.00976417554963	0.0074069368359	0.0155888637394	0.00522261230055	-0.012599954576	-0.00350625967917	-0.0218489123928	0.026386354241	-0.014898234553	0.00744262589494	-0.00119330687459	0.0115870870495	-0.00344430319721	-0.0176344016207	-0.0255106291878	0.028523323188	0.0150344161162	0.00757113012944	-0.012048585988	0.014559415495	-0.0154963185115	0.0151554340003	0.0107331067351	0.00308092294941	-0.00169530807914	-0.0259282647966	0.00233069755364	-0.0113504056834	0.00711548092859	0.00446485351647	0.00270656863901	-0.0026848878491	0.0	0.0	0.0	0.0	0.0	0.0	0.0	0.0	0.0	0.0	0.0	0.0	0.0	0.0	0.0	0.0	0.0	0.0	0.0	0.0	0.0	0.0	0.0	0.0	0.0	0.0	0.0	0.0	0.0	0.0	0.0	0.0	0.0	0.0	0.0	0.0	0.0	0.0	0.0	0.0	0.0
s28535	-0.120499446685	-0.123114772111	-0.110303143346	-0.0150326995439	-0.0691376071492	-0.0442130357734	0.0477140759454	0.0319482035013	0.0722232532308	0.0226092133358	-0.0254844058	0.0399469616617	0.037947481569	-0.0673492934321	-0.0486775570998	-0.0687333507009	-0.0496265494552	-0.0519418516688	-0.100950129197	0.00458647293954	-0.00762363441948	-0.018889454417	-0.0279172062197	-0.000241044348332	-0.0270692321543	-0.0108579721338	-0.054048596356	-0.0337755978792	-0.0574208124334	-0.0207895917608	0.0114726340727	0.00206597389543	-0.0169832161944	0.0308831608144	0.00540040841662	0.0174880978532	0.00159632553056	-0.0150992004058	-0.027765979071	0.00274371375203	0.0190963702374	-0.00131226056119	-0.00111280094429	0.00382348884825	0.0045818903389	0.00895252127543	0.00782649763798	-0.000442484129352	0.00207725543172	0.00144636873501	-0.00140165021468	0.0005228163593	0.0	0.0	0.0	0.0	0.0	0.0	0.0	0.0	0.0	0.0	0.0	0.0	0.0	0.0	0.0	0.0	0.0	0.0	0.0	0.0	0.0	0.0	0.0	0.0	0.0	0.0	0.0	0.0	0.0	0.0	0.0	0.0	0.0	0.0	0.0	0.0	0.0	0.0	0.0	0.0	0.0
s30012	-0.119522381274	0.237183214139	0.316642813668	0.144728598134	-0.276112516092	-0.00159359332834	-0.136376192024	-0.014077136747	0.0141157184767	-0.00279626829074	0.036008642523	0.0149962583388	0.0224865073387	0.00663266312235	0.0229314838989	-0.044425020112	-0.00949910110946	0.0333072056882	-0.0294973622536	-0.0120368195759	0.0604212566127	0.0221207421425	-0.0138663760135	-0.020877297344	-0.0232149615946	-0.00510405427251	-0.00375970528058	0.012801699167	-0.0108211374447	-0.0015149826267	-0.0173608041895	0.00462242901262	-0.0174470002278	0.00768887027745	-0.0197657708937	0.000203524118356	-0.0145210721792	0.003658741618	0.00171952682664	-0.00698336220233	-0.00631882675166	-0.00703528992541	0.00343185821998	-0.00335832402271	-0.0012530975357	-0.00243267523661	-0.00569619524149	0.00287497291946	-0.0029106050304	0.00050322787003	-0.00104515845771	9.95496696627e-05	0.0	0.0	0.0	0.0	0.0	0.0	0.0	0.0	0.0	0.0	0.0	0.0	0.0	0.0	0.0	0.0	0.0	0.0	0.0	0.0	0.0	0.0	0.0	0.0	0.0	0.0	0.0	0.0	0.0	0.0	0.0	0.0	0.0	0.0	0.0	0.0	0.0	0.0	0.0	0.0	0.0
s10832	0.111657805502	0.0888327511376	0.176257341925	0.0847911040672	-0.204936181398	-0.156289483048	0.294740670243	-0.0372062536003	-0.139588422699	0.000431651200326	-0.113808110301	-0.0731711299008	0.0609226855783	-0.046386473015	-0.0403294061951	0.0353798979021	-0.0156465042146	-0.0369525226087	0.0166874525598	-0.00309919623165	0.00448070244873	0.0201038076015	-0.00186748230997	-0.00424099759027	0.0119967484872	0.0044894450219	0.0122217425405	0.00650525705227	0.00693833822352	-0.00160179826194	-0.00845901790095	0.00283403399118	-0.0132886276888	0.00230399626053	0.00680965486253	0.00392231339859	0.00175056474486	-0.00409670549964	0.00493644266117	-0.000379310637871	0.00117641659069	0.0040364200843	0.0025381916089	-0.00564215468525	-0.00192163242219	0.000794298807394	0.000473157301062	-0.00228714429495	0.000531900150685	-0.000240365516241	-0.000235628106897	-0.000212662367204	0.0	0.0	0.0	0.0	0.0	0.0	0.0	0.0	0.0	0.0	0.0	0.0	0.0	0.0	0.0	0.0	0.0	0.0	0.0	0.0	0.0	0.0	0.0	0.0	0.0	0.0	0.0	0.0	0.0	0.0	0.0	0.0	0.0	0.0	0.0	0.0	0.0	0.0	0.0	0.0	0.0
s31659	-0.231216990183	0.100813441587	0.0152389155649	0.0891499348025	-0.179028913988	0.30943518343	-0.0268906848133	0.0187067938442	-0.0291485672002	0.0540268756573	-0.0839422139634	-0.0382703001694	-0.0580041384001	0.0472914886505	0.0202025863509	0.075806866746	0.0444655439861	-0.0290202966397	-0.0467667680696	0.0198140481747	-0.052275121287	0.0100622926717	-0.0131589766886	-0.00313170085218	0.0330481828866	0.0272789583105	-0.0160384351972	-0.00280430121884	0.00377948256904	-0.00285139713282	-0.000506627944964	0.00677803255289	0.000822143433684	0.0020940090357	0.00145812017508	0.00220433886837	0.0114946305495	0.0143924835165	0.00183040871509	-0.00691907416995	0.00109773407931	-0.000268019671671	-0.00655732800358	0.00102726185195	-0.00395424290177	-0.000622276441941	0.00557929057542	-0.00118580306321	-0.000210749165183	0.00365669211834	0.000872056276205	0.000875676734055	0.0	0.0	0.0	0.0	0.0	0.0	0.0	0.0	0.0	0.0	0.0	0.0	0.0	0.0	0.0	0.0	0.0	0.0	0.0	0.0	0.0	0.0	0.0	0.0	0.0	0.0	0.0	0.0	0.0	0.0	0.0	0.0	0.0	0.0	0.0	0.0	0.0	0.0	0.0	0.0	0.0
s29523	-0.0970038231861	-0.0455087852794	-0.111249581834	0.0261030634228	-0.036200812995	-0.0641677523965	0.0362898609782	0.0502688819447	0.00300327714966	0.0112442965803	0.0411585300545	-0.0120677866701	-0.0316809097241	-0.0500352271165	-0.0405344979749	0.0239300324831	-0.0224713857408	-0.0152861747451	-0.0160742645499	-0.000891322212077	0.0165800737942	0.0231011125434	0.025064542666	-0.0472928479548	0.00131420481884	0.024743994123	0.0147989834315	-0.0459401306964	0.0192500478941	-0.00246366278233	-0.00588229764276	-0.000130996876805	0.021131659727	0.00863806790935	-0.0116877191773	-0.0453349410175	-0.0164216560172	-0.00643204966503	0.0140862682883	-0.00289831451807	0.00507651730004	0.000932818292806	0.0136745777741	0.000748904706789	0.016413997678	-0.00723310456284	-0.00800531898909	-0.0110341714678	0.00861246699494	0.000105046029815	0.00105645227593	0.00175767154617	0.0	0.0	0.0	0.0	0.0	0.0	0.0	0.0	0.0	0.0	0.0	0.0	0.0	0.0	0.0	0.0	0.0	0.0	0.0	0.0	0.0	0.0	0.0	0.0	0.0	0.0	0.0	0.0	0.0	0.0	0.0	0.0	0.0	0.0	0.0	0.0	0.0	0.0	0.0	0.0	0.0
LP06_F	-0.315868899204	0.18344661341	-0.0521567657489	0.08811368751	0.135266727363	-0.0312322221908	0.015725255712	0.0552189897038	-0.0189052306527	-0.0162392004908	-0.0201911356283	-0.000536995101735	-0.0207350241583	-0.0235282532435	0.0802249897074	-0.0141894690339	0.00161801072095	-0.0384081319576	-0.023822822299	-0.019423895901	0.012069909027	-0.0177973746528	-0.0412318546598	0.00404497426178	-0.0061603464915	-0.00895922991125	0.0340101675854	0.015892326054	-0.00789740500339	-0.0142889924735	-0.00435184354375	0.0197018029158	-0.00385998309222	0.0120158637685	-0.00537188150441	0.0108332759745	0.000367529971967	-0.0196192959629	-0.00304561353405	-0.0114868963748	-0.00284865057019	0.0186713309671	0.012837611856	-0.0149675008469	-0.00702674113386	-0.00890972299181	0.00163075628508	-0.00153435336905	0.00714002380044	-9.5233177826e-05	0.00318106333004	0.000908341789938	0.0	0.0	0.0	0.0	0.0	0.0	0.0	0.0	0.0	0.0	0.0	0.0	0.0	0.0	0.0	0.0	0.0	0.0	0.0	0.0	0.0	0.0	0.0	0.0	0.0	0.0	0.0	0.0	0.0	0.0	0.0	0.0	0.0	0.0	0.0	0.0	0.0	0.0	0.0	0.0	0.0
s29527	0.315056917242	0.133327166038	-0.161239759329	-0.0587281486201	-0.0715421709311	-0.0152430250378	-0.0976914073386	0.026992719216	-0.0638954430432	0.0158877741467	-0.0302661754539	0.00475906700722	0.00137777707504	-0.0271666185961	0.0262082360839	0.040292788638	-0.0321325905038	0.00809754937083	0.0153615826151	0.0192847680862	-0.0165128501111	-0.00894802442128	0.00837485515833	-0.000926950647446	-0.0252430315501	0.022699745693	0.00100822381677	-0.0037273232496	0.0316363015348	-0.0181604076728	0.0385569421569	-0.00799667875586	-0.0290864711622	0.000796752259263	-0.00670692804063	-4.21563579886e-05	0.00704128104085	-0.00198394241523	-0.00367111385039	-0.00406645449934	0.00955545216416	0.00413843173922	0.00130472191076	-0.00755639463815	0.00988091621345	0.00241562411555	0.00662458221717	-0.00983035558978	0.00383890561556	-0.00461673167025	0.00260420000286	-0.00165795935571	0.0	0.0	0.0	0.0	0.0	0.0	0.0	0.0	0.0	0.0	0.0	0.0	0.0	0.0	0.0	0.0	0.0	0.0	0.0	0.0	0.0	0.0	0.0	0.0	0.0	0.0	0.0	0.0	0.0	0.0	0.0	0.0	0.0	0.0	0.0	0.0	0.0	0.0	0.0	0.0	0.0
s27555	-0.0797423746651	-0.110799738197	-0.0891316549596	0.053595429581	-0.0395141029149	-0.0391962629966	-0.00658357736909	0.0190149188491	-0.0252499444426	-0.0218302087736	0.0646237735967	-0.000303188707345	-0.00813264283757	-0.00598637158048	-0.000548829768968	0.000696989630998	0.00696771076306	-0.00808068899232	0.015951508147	-0.0572149522617	-0.0178286425501	-0.0143385396405	0.0157677417551	-0.00615853330335	-0.00352095918298	0.0472214283128	-0.0037535886358	-0.0361094604979	-0.00155796743634	0.0137393702071	-0.00730761384901	-0.026413826345	-0.0540696317688	-0.0368256092721	0.00160718967485	0.0192383298811	0.000341193555937	0.00176690762189	0.0237635333582	0.0121636150232	-0.000866021893161	0.0157766400406	-0.000653796467211	0.00676078884122	-0.000649451151554	0.0114869867201	0.00613763812632	0.00740755012354	-0.00572589091256	0.00537732789117	-9.87903335095e-05	-0.00101986679636	0.0	0.0	0.0	0.0	0.0	0.0	0.0	0.0	0.0	0.0	0.0	0.0	0.0	0.0	0.0	0.0	0.0	0.0	0.0	0.0	0.0	0.0	0.0	0.0	0.0	0.0	0.0	0.0	0.0	0.0	0.0	0.0	0.0	0.0	0.0	0.0	0.0	0.0	0.0	0.0	0.0
s21911	0.31007569515	-0.0556730998433	0.252451796803	0.13522385597	0.00810590097055	-0.0108366816482	-0.0635890061544	-0.0410682557965	0.0570197490006	0.00697993585817	0.0310831654614	-0.0672619051116	0.014274669485	0.0237345853448	-0.0380305047766	-0.0520934201946	0.00422018865103	0.00475872449927	0.0447924510294	0.00551320570516	-0.00027503814914	0.0216094017001	-0.0424423647143	-0.02912132485	0.00480670645344	0.0313870878891	0.0147562617976	-0.00558420781186	-0.0249043093474	-0.0126628902796	0.018669949747	0.000599086618832	0.00703919823429	-0.00651380842001	0.00349169105217	0.0101126736512	0.00487183061093	-0.0169123411152	0.0178620942956	-0.00888399868646	0.015533624312	-0.0110592635893	0.0114566529387	0.000940696056668	0.0024089346775	-0.00692473209395	0.000992602996554	0.00254794658354	0.000263679054895	-0.00491011347318	-3.48684511129e-05	0.000395769636245	0.0	0.0	0.0	0.0	0.0	0.0	0.0	0.0	0.0	0.0	0.0	0.0	0.0	0.0	0.0	0.0	0.0	0.0	0.0	0.0	0.0	0.0	0.0	0.0	0.0	0.0	0.0	0.0	0.0	0.0	0.0	0.0	0.0	0.0	0.0	0.0	0.0	0.0	0.0	0.0	0.0
LP04_F	-0.259248799969	0.158730265722	0.01308834444	0.0283816342303	0.0419165543759	0.0369342331719	-0.00840132315857	-0.0113125349865	0.024473929062	-0.0108898423801	-0.0609768238503	0.0541376666658	0.105654536755	0.0161175770612	-0.0763492653288	-0.0653791139066	0.0744100975164	-0.0352792157563	-0.0504329055362	-0.0110500018694	0.00758592194023	-0.0432915864313	0.033790823122	0.00374650324166	-0.0668207052147	0.0454766056776	-0.0216206680543	0.0465297694745	0.0289623756015	0.00337424120971	-0.0109965079508	-0.0172314050792	0.0134152488355	0.0086728878863	0.0160688195938	-0.0105547904438	0.0233897588205	0.00585720236708	0.0172755730068	0.000983323964828	-0.00820090871373	0.000936701478065	0.0147161802356	0.0100896962106	-0.00401204778216	0.00314044709794	-0.00695601268425	-0.00294740770999	-0.000396753655491	0.000934177005015	0.00372381193886	0.000898384027862	0.0	0.0	0.0	0.0	0.0	0.0	0.0	0.0	0.0	0.0	0.0	0.0	0.0	0.0	0.0	0.0	0.0	0.0	0.0	0.0	0.0	0.0	0.0	0.0	0.0	0.0	0.0	0.0	0.0	0.0	0.0	0.0	0.0	0.0	0.0	0.0	0.0	0.0	0.0	0.0	0.0
LC01_F	-0.337707811076	0.0785676428814	-0.159140852603	0.128065207316	0.0365951906805	-0.0225578067416	-0.0237811616138	-0.0836267597703	-0.0124674401459	0.0137678931214	-0.0176401279031	-0.0149888439918	-0.0398168095309	-0.0126769737153	-0.0196769708869	0.0274269001035	0.0337036454125	0.0507343415048	0.00427162530338	-0.0401430726917	-0.0137438889194	0.0331177270375	-0.0508842270067	0.0265496724299	0.002033298112	-0.00621472962651	-0.00923993593101	-0.0080554865671	0.0205081883071	-0.0258990927872	0.0164744600394	-0.0295347717215	0.026017781967	0.0084504470987	0.00412757523944	0.00786175144262	0.025551797907	0.012857621538	0.000318622933554	0.0086046881352	-0.0006919875217	-0.00965184434593	-0.0042155517912	0.0042491289211	0.000517510223145	0.00306344531226	-0.00182564768553	0.00305016737715	0.0025412577077	-0.00316524940911	-0.00368930924008	-0.000581315542368	0.0	0.0	0.0	0.0	0.0	0.0	0.0	0.0	0.0	0.0	0.0	0.0	0.0	0.0	0.0	0.0	0.0	0.0	0.0	0.0	0.0	0.0	0.0	0.0	0.0	0.0	0.0	0.0	0.0	0.0	0.0	0.0	0.0	0.0	0.0	0.0	0.0	0.0	0.0	0.0	0.0
LP08_F_REDO	-0.194318449591	-0.110145732757	-0.115048423541	-0.0754267513177	-0.0349929018196	-0.0166251627488	0.0161709567218	-0.012129210789	0.0605989444578	-0.0839982614222	-0.0399603514778	0.0473988694949	0.0333073316558	-0.00890558403037	-0.0742951506196	0.0619698722992	0.048816362763	0.0878179852551	0.0442283336008	-0.018406385384	-0.0513757199837	0.00791699076168	-0.00685436753395	0.0115292776041	-0.0191540180835	-0.012747966881	-0.00536730864832	0.00144173117182	-0.0296858316168	0.021223892148	-0.0096809180065	-0.0069313776198	-0.00155785074828	-0.00999849735502	-0.00758764991677	-0.00945749262075	-0.0123663144122	0.00345703204165	-0.00211764551645	0.0105470795817	0.00682951430379	0.0016050457416	0.00489210982164	-0.00530885157925	-0.0157867147523	-0.00438267087316	-0.004862211429	-0.00538578275614	-0.00211220604269	0.00327447816962	-0.00156014697799	0.000897741696317	0.0	0.0	0.0	0.0	0.0	0.0	0.0	0.0	0.0	0.0	0.0	0.0	0.0	0.0	0.0	0.0	0.0	0.0	0.0	0.0	0.0	0.0	0.0	0.0	0.0	0.0	0.0	0.0	0.0	0.0	0.0	0.0	0.0	0.0	0.0	0.0	0.0	0.0	0.0	0.0	0.0
s28408	-0.125011181984	0.0251068613774	-0.0176594852609	0.07702650136	-0.0641978805587	0.163461075462	0.0368248093405	0.0242813914302	-0.0428747929614	-0.0765669943081	0.0477461059515	0.0778774376683	-0.0239426236237	-0.0795929814745	-0.0652542482978	0.0315301533721	-0.0239225111403	-0.0367164449852	-0.0142772969741	0.00312229889998	0.018418552471	0.0307504325861	0.0126305210041	0.018133369976	0.0431583921615	0.0305564655681	0.030294548878	0.0123085150085	-0.0266032788095	0.0164870745514	0.00301152366105	-0.0254185254785	0.0387811573214	0.000582967130982	-0.00754453746282	0.0106687820949	-0.0122957516998	0.000212141984992	-0.00535971841111	0.00228651230802	0.00021546577091	0.0122595786421	-0.00345192585929	0.00544712406585	-0.00177505079071	-0.00496898723776	0.00129430831868	-0.00251772632668	0.000371399741554	-0.00148845398563	-0.000737478627858	-0.000136681526321	0.0	0.0	0.0	0.0	0.0	0.0	0.0	0.0	0.0	0.0	0.0	0.0	0.0	0.0	0.0	0.0	0.0	0.0	0.0	0.0	0.0	0.0	0.0	0.0	0.0	0.0	0.0	0.0	0.0	0.0	0.0	0.0	0.0	0.0	0.0	0.0	0.0	0.0	0.0	0.0	0.0
sAI_9328	0.368219228499	0.144158634239	-0.067666255673	-0.0580350046736	-0.049184407089	-0.0642572012218	-0.0406254462447	0.0655324303323	0.0206892454755	0.0152000986457	0.018405192446	-0.0388786778654	-0.0111413427911	-0.0180834392359	-0.0208842073184	0.00724901336059	0.0245795377284	-0.0533939201686	0.0340881863321	0.0366479407497	0.00370876384787	0.0246751910852	0.0216160861623	0.0113525452908	0.0122995441166	-0.0181969712652	0.0012006460842	0.0105661820353	-0.0199452781611	-0.00966230633573	0.0142815190523	-0.00471353842551	0.000138784777978	0.0112061245064	0.0148929958618	0.0110093102275	-0.0117452609533	0.0205395230834	0.00418572577742	0.00470776342829	-0.0179894579116	0.00043155037161	0.00125755257776	-0.010316278606	-0.00888534101679	0.0115444063603	0.00105508289929	-0.00200867416386	0.00140073422165	0.00168314230827	0.00153957718543	-0.00136735803992	0.0	0.0	0.0	0.0	0.0	0.0	0.0	0.0	0.0	0.0	0.0	0.0	0.0	0.0	0.0	0.0	0.0	0.0	0.0	0.0	0.0	0.0	0.0	0.0	0.0	0.0	0.0	0.0	0.0	0.0	0.0	0.0	0.0	0.0	0.0	0.0	0.0	0.0	0.0	0.0	0.0

Biplot	0	0

Site constraints	0	0
